INT		NB			SB			EB			WB
#	LT	TH	RT	LT	TH	RT	LT	TH	RT	LT	TH	RT

1	0	0	0	75	0	77	39	242	0	0	321	15	
2	0	0	0	3	1	91	42	344	33	0	425	2	
3	195	260	11	12	81	100	80	102	136	18	198	15	
4	0	0	0	84	0	365	482	600	0	0	499	67	
5	51	637	38	313	314	135	228	260	16	43	291	316	
6	74	598	131	9	253	76	67	423	44	64	356	37	
7	213	592	29	106	373	23	100	677	64	446	477	73	
8	333	445	76	463	778	2	84	297	176	110	526	150	
9	129	452	138	44	820	16	32	294	183	410	400	95	
10	12	719	0	0	1413	0	0	0	1	0	0	0	
11	28	631	0	0	1128	0	0	0	70	0	0	0	
12	16	659	0	0	1198	0	0	0	0	0	0	0	
13	11	1	38	322	5	2	1	1229	1	55	737	26	
14	0	0	0	773	0	133	89	1500	0	0	685	486	
15	238	0	258	0	0	0	0	447	160	187	422	0	
16	234	381	341	253	350	14	25	578	102	286	1008	1	
17	220	163	52	201	423	45	47	746	129	106	569	145	
18	8	218	17	96	449	25	33	92	8	8	184	53	
19	0	0	0	289	0	205	54	383	0	0	631	200	
20	48	81	132	116	35	2	13	684	38	73	617	95	
21	66	650	370	194	298	29	34	1082	57	332	1287	27	
22	211	124	398	79	296	78	55	658	474	275	615	78	
23	3	340	110	178	641	76	34	72	30	166	117	69	
24	41	70	76	590	0	106	81	473	276	153	688	136	
25	7	327	304	76	286	75	142	823	1	439	678	47	
26	81	708	521	414	407	0	0	1578	0	443	308	84	
27	430	579	78	282	261	0	92	1339	215	125	1217	77	
28	0	685	0	0	410	0	0	0	0	0	0	0	
29	2	256	116	91	279	159	277	913	13	391	1004	78	
30	458	641	76	329	309	615	27	187	0	129	1231	421	
31	1	617	3	5	932	106	152	10	1	37	83	3	
32	60	346	268	5	389	88	37	575	57	652	544	0	
33	0	0	0	0	0	0	0	1027	0	0	1350	0	
34	19	52	663	98	101	0	0	772	76	336	1177	162	
35	22	23	93	154	75	9	19	881	16	26	844	83	
36	247	380	237	192	628	6	66	551	533	412	632	96	
37	0	0	0	17	0	253	230	1311	0	0	1200	8	
38	29	163	74	0	288	144	151	1126	52	181	1034	0	
39	30	551	209	110	709	676	490	825	58	152	607	181	
40	10	366	153	23	594	267	157	1041	21	230	964	29	
41	334	387	18	50	597	18	13	848	474	23	610	97	
42	0	515	36	83	840	0	0	0	0	32	0	80	
43	253	341	19	15	318	557	219	151	370	14	132	0	
44	0	494	288	61	625	0	0	0	0	331	0	40	
45	14	314	3	57	447	452	434	207	28	7	285	34	
46	0	0	0	0	0	0	0	909	0	0	727	0	
47	63	1342	20	276	1237	92	421	610	86	355	605	173	
48	7	865	404	24	1200	433	477	694	12	470	701	32	
49	154	1192	120	30	1578	5	18	770	120	78	568	51	
50	68	1191	40	72	1475	109	99	33	68	29	24	71	
51	63	1043	247	24	1423	183	191	130	42	234	118	32	
52	0	1153	71	47	1398	255	162	105	0	30	71	37	
53	0	1277	20	18	1462	0	0	93	0	3	37	11	
54	0	0	0	297	0	19	108	141	0	0	49	157	
55	157	1156	0	0	1416	49	141	0	297	0	0	0	
56	0	1313	0	0	1713	0	0	0	3	0	0	0	
57	136	1313	0	0	1716	0	0	0	460	0	0	0	
58	0	974	147	0	1070	73	157	791	0	108	783	0	
59	0	880	157	0	1062	244	284	725	6	72	262	0	
60	0	665	399	106	839	567	524	620	187	238	471	100	
61	51	923	35	189	1075	0	0	449	434	24	284	142	
62	486	698	7	462	991	51	48	321	514	16	310	228	
63	134	398	76	40	669	71	149	483	130	74	367	19	
64	296	616	362	53	374	43	66	449	134	961	523	184	
65	100	1221	0	0	1591	16	26	0	96	0	0	0	
66	145	988	90	63	1155	303	202	2	117	48	2	0	
67	0	567	0	0	779	69	45	0	0	0	0	0	
68	185	166	141	59	59	11	74	1044	178	100	1163	126	
69	157	1001	18	14	649	31	17	15	57	21	12	2	
70	0	580	31	483	838	0	0	0	0	10	0	643	
71	935	648	20	17	1127	321	2	72	565	47	396	18	
72	8	388	526	170	708	12	9	1234	444	0	1410	612	
73	648	620	0	0	611	492	334	0	611	0	0	0	
74	108	1091	302	304	612	19	9	265	140	140	235	262	
75	4	89	28	36	102	1	14	504	95	33	250	10	
76	203	114	72	95	134	2	2	363	329	38	268	3	
77	42	203	120	37	29	1	22	317	54	45	250	73	
78	421	850	38	350	1003	73	251	215	404	432	143	211	
79	403	1648	332	137	940	122	53	235	244	95	352	107	
80	0	0	0	202	0	60	93	382	0	0	308	579	
81	40	1524	251	594	1179	201	298	329	14	139	462	683	
82	0	1112	321	275	1267	46	11	17	0	407	27	385	
83	21	431	40	111	620	16	8	40	22	42	19	54	
84	19	258	61	72	440	125	92	213	12	76	167	87	
85	310	1272	68	2	1516	308	2	6	137	164	105	134	
86	384	60	0	158	260	176	207	679	368	211	309	77	
87	136	256	24	0	309	98	160	69	422	9	36	0	
88	42	192	461	731	166	53	28	288	5	574	506	641	
89	0	539	434	780	714	0	0	0	0	279	0	73	
90	0	0	0	2	0	510	199	638	0	0	87	0	
91	0	0	0	819	0	8	240	400	0	0	79	237	
92	171	0	37	75	50	26	130	847	242	232	119	26	
93	0	318	0	0	195	151	217	0	1	0	0	0	
94	0	34	61	14	34	0	0	196	0	106	318	8	
95	0	695	0	0	745	0	0	0	0	0	0	0	
96	0	53	11	64	142	0	0	0	0	14	0	170	
97	4	392	15	48	591	0	0	84	8	9	23	15	
98	0	1168	178	232	2102	0	0	0	0	496	0	252	
99	158	0	1	0	0	0	0	100	527	158	61	0	
100	0	0	0	33	0	107	61	184	0	0	267	34	
101	119	237	546	177	1030	38	260	387	500	440	378	215	
102	22	87	93	244	216	2	0	465	260	170	328	385	
103	2	0	0	14	0	5	10	74	4	0	222	31	
104	0	0	0	248	0	6	120	379	0	0	195	24	
105	556	1575	218	13	1803	1	0	0	0	314	201	76	
106	44	0	0	0	0	0	0	639	71	0	1652	0	
107	570	346	136	467	484	2	107	443	349	190	343	145	
108	96	1011	3	0	0	0	41	3	0	0	186	118	
109	17	11	0	0	17	44	39	0	22	0	0	0	
110	0	0	0	0	0	0	0	394	0	0	293	0	
111	0	315	0	0	505	50	102	0	1	0	0	0	
112	0	0	0	0	0	0	0	363	0	0	363	0	
113	0	195	0	0	721	0	0	0	0	0	0	0	
114	195	0	520	0	0	0	0	488	173	180	563	0	
115	0	0	0	196	0	11	4	46	0	0	116	829	
116	0	0	0	102	0	140	488	520	0	0	603	457	
117	493	0	11	0	0	0	0	295	322	19	591	0	
118	0	831	253	283	339	0	0	0	0	277	0	229	
119	55	0	108	0	0	0	0	122	21	46	68	0	
120	328	150	0	0	112	0	0	0	521	0	0	0	
121	0	1222	0	0	1495	0	0	0	0	0	0	0	
122	84	1111	0	0	0	0	0	0	0	0	0	0	
123	0	562	158	397	246	0	0	0	0	229	0	613	
124	0	265	364	196	403	0	0	0	0	227	0	553	
125	0	0	0	0	0	0	0	1761	0	0	1430	0	
126	0	722	0	0	653	0	0	0	0	0	0	0	
127	0	575	0	0	906	0	0	0	0	0	0	0	
128	170	324	6	331	548	146	448	205	133	15	160	25	
129	18	282	185	25	239	115	140	140	4	137	188	29	
130	0	75	235	24	39	0	0	0	0	158	0	174	
131	0	881	238	40	974	0	0	0	0	357	0	96	
132	0	1408	0	0	1827	0	0	0	0	0	0	0	
133	11	178	9	629	613	197	19	65	12	29	34	238	
134	1273	0	236	0	0	0	0	504	1235	612	331	0	
135	63	687	0	0	1190	0	0	0	41	0	0	0	
136	0	1065	0	0	729	0	0	0	0	0	0	0	
137	0	1168	0	0	694	7	0	0	64	0	0	0	
138	63	609	143	44	363	10	399	300	42	92	173	0	
139	147	417	408	15	321	153	249	867	247	528	701	373	
140	0	0	0	0	0	0	0	299	0	0	152	0	
141	0	51	4	15	142	0	0	0	0	10	0	14	
142	0	128	0	0	120	0	0	0	0	0	0	0	
143	52	1052	0	0	1784	811	291	0	47	0	0	0	
144	0	2	41	0	5	1	1	66	0	90	101	0	
145	0	0	0	475	0	1	1	82	0	0	190	671	
146	0	0	0	351	0	609	166	256	0	0	170	210	
147	0	0	0	0	0	0	0	347	0	0	427	0	
148	0	0	0	0	0	0	0	0	0	0	0	57	
149	0	579	0	0	880	64	0	0	0	0	0	0	
150	0	0	0	0	0	0	0	437	0	0	835	0	
151	0	0	0	19	0	14	5	15	0	0	110	12	
152	16	0	50	47	2	42	0	825	12	70	727	37	
153	0	0	0	0	0	0	0	1214	0	0	352	0	
154	20	179	170	45	167	112	154	610	20	73	426	145	
155	0	0	0	118	0	27	20	713	0	0	835	0	
156	50	0	0	0	0	0	0	135	103	16	180	0	
157	0	0	0	28	0	94	13	1122	0	0	869	18	
158	60	38	23	283	135	183	144	233	47	3	141	101	
159	103	164	3	249	172	209	480	1509	10	304	1126	0	
160	0	465	0	0	322	0	0	0	0	0	0	0	
161	0	364	29	18	276	0	0	0	0	20	0	3	
162	142	0	239	0	0	0	0	726	198	114	647	0	
163	0	0	0	0	0	0	0	539	0	0	245	0	
164	34	0	10	1	0	232	145	406	28	11	977	0	
165	778	288	0	0	784	210	63	0	354	0	0	0	
166	0	0	0	0	0	0	0	0	0	0	0	0	
167	0	0	47	0	0	0	0	48	0	8	24	0	
168	0	797	0	0	1024	0	0	0	0	0	0	0	
169	10	332	0	0	544	11	18	0	23	0	0	0	
170	0	550	0	0	676	50	0	0	46	0	0	0	
171	0	0	0	347	0	143	102	370	0	0	198	52	
172	0	37	0	232	74	195	214	0	1	0	0	86	
173	14	316	29	1	497	29	21	78	6	93	35	0	
174	75	360	0	126	1273	166	410	35	166	0	17	108	
175	0	71	31	68	255	84	60	1140	0	180	1131	105	
176	0	0	0	278	0	156	9	1208	0	0	981	93	
177	0	0	0	25	0	1013	548	606	0	0	247	58	
178	0	0	0	170	0	316	89	1047	0	0	978	160	
179	0	544	0	0	817	0	0	0	0	0	0	0	
180	0	275	77	0	835	0	0	0	0	159	0	0	
181	0	162	115	0	424	0	0	0	0	29	0	0	
182	0	0	0	0	0	0	0	409	0	0	303	0	
183	0	0	0	8	0	0	0	1064	0	0	643	47	
184	0	1119	1	0	1331	0	0	0	0	135	0	0	
185	0	0	160	0	0	0	0	1309	0	264	1202	0	
186	8	1040	0	0	967	12	0	0	13	0	0	0	
187	0	0	0	0	0	0	0	945	0	0	1140	0	
188	0	1001	0	0	1360	444	515	0	6	865	561	149	
189	0	0	0	0	0	1158	502	373	0	0	481	39	
190	118	199	339	49	133	5	13	683	99	167	502	126	
191	0	0	0	0	0	409	0	0	409	0	0	0	
192	28	218	1	28	87	1	1	54	23	0	128	98	
193	0	40	0	116	174	0	0	0	0	0	0	123	
194	0	0	0	0	0	1	35	138	0	0	64	0	
195	0	1581	9	281	1420	0	0	0	0	0	0	527	
196	181	10	0	0	47	19	10	0	532	0	0	0	
197	72	0	0	0	0	0	0	175	69	0	176	0	
198	53	213	0	0	158	0	0	0	73	0	0	0	
199	83	0	4	0	0	0	0	93	349	0	81	0	
200	17	0	25	0	0	0	0	474	243	25	233	0	
201	0	0	0	0	0	246	17	112	0	0	0	0	
202	0	733	200	51	1581	0	0	0	0	173	0	41	
203	0	0	0	1507	0	262	84	821	0	0	579	841	
204	0	1499	149	330	1788	0	239	190	312	191	0	614	
205	0	265	0	93	316	0	0	0	0	0	0	38	
206	0	0	0	145	71	0	0	0	0	573	0	150	
207	0	55	28	0	138	0	0	0	0	73	0	1	
208	10	0	93	0	0	0	0	80	46	153	28	0	
209	0	0	0	94	0	27	42	460	0	0	269	148	
210	67	0	13	0	0	0	0	193	137	3	78	0	
211	28	128	0	0	262	251	606	0	0	0	0	0	
212	0	0	0	42	0	7	22	65	0	0	32	22	
213	0	0	0	232	0	0	0	51	0	0	29	86	
214	0	418	0	0	555	0	0	0	0	0	0	0	
215	13	135	0	3	66	4	2	6	2	0	3	2	
216	135	0	20	0	0	0	0	49	39	13	124	0	
217	9	4	6	6	34	7	3	5	5	13	10	1	
218	25	129	123	105	432	115	39	55	16	194	69	36	
219	281	10	49	0	0	0	634	661	0	0	792	894	
220	75	8	382	0	0	0	47	1844	0	0	599	1278	
221	0	0	0	1728	0	180	0	163	629	438	236	0	
222	0	1198	2	279	1910	447	215	1	0	0	0	67	
223	379	0	25	0	0	0	0	1343	867	256	1487	0	
224	0	0	0	315	0	529	0	1578	1	26	1494	0	
225	1054	0	206	0	0	0	1	1023	0	0	955	10	
226	0	0	0	516	0	436	0	792	10	538	534	0	
227	0	583	295	426	985	0	375	253	378	203	0	164	
228	0	124	59	1180	129	52	40	554	0	457	126	88	
229	14	257	0	0	626	16	20	0	86	0	0	0	
230	258	268	0	0	744	31	11	0	166	0	0	0	
231	0	802	314	85	401	0	0	0	0	64	0	58	
232	0	0	0	76	0	424	57	353	0	0	324	4	
233	200	605	451	57	728	475	547	479	1	251	675	1	
234	117	591	488	135	621	282	76	996	11	86	309	95	
235	146	196	123	29	236	108	189	913	40	46	527	70	
236	48	151	0	0	38	7	12	0	56	0	0	0	
237	22	163	0	0	136	46	28	0	12	0	0	0	
238	69	991	0	0	1825	6	95	131	124	0	127	19	
239	964	960	163	147	436	231	8	880	688	66	817	396	
240	0	5	81	151	86	0	0	0	0	54	0	97	
241	100	416	0	0	576	55	61	0	172	0	0	0	
242	0	0	0	137	0	456	85	127	0	0	235	90	
243	0	65	36	0	308	0	0	0	0	18	0	0	
244	0	0	0	79	0	49	38	391	0	0	279	9	
245	0	0	0	268	0	648	179	153	0	0	196	121	
246	94	481	0	0	698	17	0	0	309	0	0	0	
247	86	0	0	0	0	0	0	0	232	0	0	0	
248	0	120	26	216	438	0	0	0	0	9	0	78	
249	0	1758	225	547	1040	0	0	0	0	232	0	802	
250	0	0	0	149	2	464	0	876	300	2	704	0	
251	440	35	123	0	0	0	627	367	0	0	267	84	
252	358	0	0	0	0	0	0	1048	195	0	1031	0	
253	56	399	0	0	0	142	0	0	0	0	533	348	
254	0	393	354	879	136	0	0	0	0	219	0	187	
255	361	606	884	1	222	3	123	85	242	143	12	1	
256	0	0	0	0	0	0	0	116	0	0	29	0	
257	1	0	8	0	0	0	0	90	3	13	80	0	
258	0	0	0	0	0	0	0	1619	0	0	490	0	
259	0	0	0	0	0	0	1039	579	0	0	490	753	
260	0	0	0	0	0	0	1129	664	0	0	289	1	
261	20	460	0	0	698	51	60	0	17	0	0	0	
262	1189	1107	0	0	959	0	943	0	10	0	0	0	
263	142	1079	26	17	1370	194	329	1	21	52	2	32	
264	0	912	535	0	909	154	127	160	2	678	213	0	
265	414	1936	241	9	1215	183	108	137	108	75	158	11	
266	0	0	0	0	0	0	0	549	0	0	500	0	
267	25	134	0	389	284	3	45	569	0	0	506	87	
268	123	1711	102	1	1330	1	58	3	186	91	3	46	
269	0	92	94	23	184	0	0	0	0	117	0	24	
270	60	492	0	0	731	188	299	0	153	0	0	0	
271	0	664	0	0	651	0	0	0	0	0	0	0	
272	0	0	0	575	0	240	76	78	0	0	330	483	
273	0	279	0	0	726	0	0	0	49	0	0	0	
274	136	0	66	0	0	0	0	102	163	219	189	0	
275	4	1301	0	0	732	235	1000	0	1	0	0	0	
276	0	1006	1	288	391	0	0	0	0	6	0	279	
277	0	1144	127	530	592	0	0	0	0	392	0	762	
278	0	523	32	62	588	0	0	0	0	171	0	141	
279	0	0	0	0	1558	0	0	0	416	0	0	0	
280	446	0	278	0	0	0	0	413	350	232	450	0	
281	0	361	90	0	544	0	0	0	0	322	0	0	
282	1	811	0	0	1663	7	43	0	0	0	0	0	
283	0	0	250	0	0	0	0	0	0	542	0	0	
284	0	0	0	16	0	890	482	890	0	0	853	1	
285	57	1188	235	0	2128	162	249	5	94	413	5	210	
286	0	0	0	0	0	0	448	450	0	0	266	1	
287	0	2328	0	0	1215	0	0	0	0	0	0	0	
288	0	0	0	0	0	0	0	1217	0	0	1137	0	
289	0	0	0	0	0	0	0	1219	0	0	1234	0	
290	0	0	0	0	0	392	267	0	0	0	11	0	
291	0	0	0	0	0	0	0	360	0	0	459	0	
292	692	0	0	0	0	0	0	451	669	0	780	0	
293	0	333	0	0	197	0	0	0	0	0	0	0	
294	0	186	0	0	154	478	337	0	0	0	0	0	
295	447	220	0	0	186	946	1024	0	147	0	0	0	
296	2	107	17	33	83	1	3	43	5	1	18	28	
297	0	0	0	0	327	0	0	0	1033	0	0	0	
298	0	491	0	2	1312	0	0	0	0	0	0	9	
299	0	1047	228	0	979	0	0	0	0	182	0	0	
300	0	2286	0	0	941	0	0	0	0	0	0	0	
