  24    1    1    1    1   -1    1    1    1    1    1    1    1
  26    1    1    1    1    1    1   -1    1    1    1    1    1
  28   -1    1    1   -1    1    1   -1   -1    1   -1   -1    1
  33    1    1    1   -1    1    1    1    1    1    1    1    1
  56   -1    1    1    1    1    1    1    1    1    1    1    1
  57    1    1    1    1    1    1   -1   -1    1    1    1    1
  59   -1    1    1   -1    1    1    1    1    1    1    1    1
  72    1    1    1    1    1    1    1    1    1   -1    1    1
 137   -1    1    1    1    1    1   -1    1    1    1    1    1
 149    1    1    1    1    1    1   -1    1    1    1    1    1
 189    1    1    1   -1    1    1    1    1    1    1    1    1
 219    1   -1    1    1    1    1    1    1    1    1    1    1
 220    1   -1    1    1    1    1    1    1    1    1    1    1
 221    1    1    1    1   -1    1    1    1    1    1    1    1
 224    1    1    1    1   -1    1    1    1    1    1    1    1
 225    1   -1    1    1    1    1    1    1    1    1    1    1
 226    1    1    1    1   -1    1    1    1    1    1    1    1
 227   -1    1    1    1    1   -1   -1    1    1    1   -1    1
 250    1    1    1    1   -1    1    1    1    1    1    1    1
 251    1   -1    1    1    1    1    1    1    1    1    1    1
 280    1   -1    1   -1   -1    1   -1    1    1    1    1   -1
