Updated: 11/21/12
ui3  Phase Geometry_2024_mp12r7.prn          Future Year: 2024
IntIdNS EW NB_L NB_T   NB_R SB_L SB_T   SB_R EB_L EB_T   EB_R WB_L WB_T   WB_R
   1  2  1    1      1    1    2      2    1    2      1    1    2      2    1
   2  1  1    1      1    1    2      1    1    1      1    1    1      1    1
   3  1  1    3      2    1    2      1    1    2      1    1    3      2    1
   4  4  6    0      1    1    2      0    1    3     21    1    0     21    1
   5  6  6    4     32    1    3     21    1    3     21    1    3     21    1
   6  1  1    4    321    1    3     21    1    3     21    1    3     21    1
   7  6  6    4    321    1    4     32    1   43     21    1   54     32    1
   8  6  6    4    321    1    4     32    1    3     21    1   54     32    1
   9  6  2    4    321    1    3     21    1    3     21    1    3      2    1
  10  3  2    0     21    1    3     21    1    1      1    1    2      1    1
  11  1  1    3     21    1    2     21    1    1      1    1    1      1    1
  12  1  1    2     21    1    2     21    1    1      1    1    1      1    1
  13  1  1    2      2    1    2      2    9    3     21    1    3     21    1
  14  1  9    0      0    0  432      0    9    3     21    0    0     32   99
  15  1  1    2      2    1    1      1    1    3     21    1    3     21    0
  16  6  6    3      2    1    3      2    1    4    321    1    4     32    1
  17  4  6    2      1    1    3      2    1    3     21    1    3     21    1
  18  4  1    2      1    1    2      1    1    2      1    1    2      1    1
  19  1  1    1      1    1    2      2    1    3     21    1    3     21    1
  20  1  6    2      2    1    1      1    1    3     21    1    3     21    1
  21  6  6    3     21    1    3     21    1    4    321    1    4    321    1
  22  4  6    3     21    1    3      2    1    3     21    1    3     21    1
  23  1  1    2      1    1    3     21    1    2      1    1    2      1    1
  24  1  1    2      1    1    2      0    1    3     21    1    3     21    1
  25  6  6    3     21    1    3     21    1    3     21    1    3     21    1
  26  6  6    4     32    1   43     21    1    0     32    1    4    321    1
  27  6  6   43      2    1   32      1    1    4    321    1    4    321    1
  28  1  1    0    321    1    0     21    0    0      0    0    0      0    1
  29  6  6    3     21    1    4     32    1    3     21    1    3     21    1
  30  6  6    4     32    1   65     43   21   65    432    1   54    321    1
  31  6  6    4    321    1   43     21    1    2      1    1    3      2    1
  32  6  6    3     21    1    3     21    1    3     21    1    3     21    1
  33  1  1    0      0    0    0      0    1    0   4321    0    0    321    1
  34  6  6    3     21    1    3     21    1    3     21    1    3     21    1
  35  1  6    2      1    1    3      2    1    3     21    1    3     21    1
  36  6  6    3     21    1    3     21    1    3     21    1    3     21    1
  37  1  5    1      1    1    2      2    1    3     21    1    3     21    1
  38  1  5    2      1    1    2      1    1    3     21    1    3     21    1
  39  6  6    3     21    1    4     32    1   43     21    1   43     21    1
  40  6  6    3     21    1    4     32    1    3     21    1    3     21    1
  41  6  6    2      1    1    3      2    1    4     32    1    3     21    1
  42  6  1    2      1    1    2      1    1    1      1    1    2      1    1
  43  6  2    2      1    1    3      2    1    3      2    1    2      1    1
  44  1  1    2      1    1    2      1    1    1      1    1    2      2    1
  45  4  1    2      1    1    3      2    1    3      2    9    3      2    1
  46  1  5    2      1    1    2      1    1    3     21    1    3     21    1
  47  6  6    3     21    1    4    321    1    3     21    1    3     21    1
  48  6  6    4     32    1    4     32    1    3     21    1    3     21    1
  49  6  6    4     32    1    4     32    1    4     32    1    3     21    1
  50  6  6    4     32    1    4     32    1    2      1    1    2      1    1
  51  4  2    4     32    1    3     21    1    2      1    1   21      1    1
  52  5  1    3     21    1    3     21    1    2      1    1    2      1    1
  53  5  1    4     32    1    3     21    1    2      1    1    2      1    1
  54  3  1    1      1    1    2      2    9    1      1    1    2      2    1
  55  5  1    3     21    1    3     21    1    2      2   99    1      1    1
  56  1  1    0     21    0    0    321    1   21      0    1    0      0    0
  57  6  1   43     21    1    4    321    1    0      0   21    2      1    1
  58  1  2    0     32    1    0     21    1    3     21    0    4     32    9
  59  1  6    0     32    1    2     21    1    3     21    1    3     21    1
  60  4  6    3     21    1    3     21    1    3     21    1    3     21    1
  61  5  5    3     21    1    3     21    1    3     21    1    3     21    1
  62  6  6    3     21    1    3     21    1    3      2    1    3     21    1
  63  6  6    3     21    1    4     32    1    3     21    1    3     21    1
  64  6  6    3     21    1    2      1    1    2      1    1   43      2    1
  65  1  1    3     21    1    3     21    1    2      1    1    1      1    1
  66  1  1    3     21    1    3     21    1    1      1    1    2      1    1
  67  1  1    3     21    1    3     21    1    2      1    1    2      2    1
  68  1  5    3      2    1    3      2    1    3     21    1    3     21    1
  69  6  1    3     21    1    4     32    1    2      2    1    1      1    1
  70  4  2    3     21    1    3     21    1    2      1    1    2      1    1
  71  5  3    3     21    1    4     32   99   32      2    1    1      1    1
  72  6  4    4     32    1   43     21    1    4    321    1    0     32    1
  73  3  2    3     21    1    4     32    1   32      2    1    1      1    1
  74  4  4    4     32    9    4     32    9    3      2    1   43      2    9
  75  1  1    2      1    1    2      1    1    2      1    1    2      1    1
  76  1  1    2      1    1    2      1    1    3      2    1    2      1    1
  77  1  1    2      2    1    1      1    1    1      1    1    1      1    1
  78  2  4   43     21    9    3     21    1    3      2    1   43     21    1
  79  6  2    4     32    1   43     21    1    2      1    1    3      2    1
  80  1  7    0      0    0    1      0    1    1      1    0    0      1    1
  81  6  6    4     32    1   43     21    1    3     21    1    4     32    9
  82  5  1    3     21    1    3     21    1    2      1    1    2      1    1
  83  1  1    2      1    1    2      1    1    2      1    1    1      1    1
  84  1  1    1      1    1    2      2    9    1      1    1    1      1    1
  85  6  1    3     21    1    3     21    1    3      2    9    2      2    9
  86  6  6    3      2    9    4     32    9   54     32    9    4     32    9
  87  1  1    2      1    1    2      1    1    2      1    1    2      1    1
  88  5  4    3     21    1   43      2    9    3     21    1    4     32    9
  89  9  1    0     21    1   32      9    0    0      0    0    3      0   21
  90  1  8    0      0    0    2      0    9    3     21    0    0     32   99
  91  1  8    0      0    0   32      0    9    3     21    0    0      2    9
  92  1  4    2      2    9    3      2    9    3      2    9    3      2    9
  93  2  1    1      1    0    2     21    1    1      0    1    2     21    1
  94  1  1    1      1    1    1      1    1    1      1    1    1      1    1
  95  7  1    2      1    0    0     21    1    1      0    1    0      0    0
  96  1  2    0     21    1    2      1    0    1      1    1    2      0    1
  97  1  1    1      1    1    2      2    1    1      1    1    1      1    1
  98  9  1    0     21    1    3     21    0    0      0    0    2      0    1
  99  1  7    2      0    1    0      0    0    0      1    1    2      1    0
 100  1  1    1      1    1    1      1    1    1      1    1    1      1    1
 101  6  6   54     32    9    4     32    9   54      3   21   43     21    1
 102  2  6    2      1    1   21      1    1    3     21    1    3     21    1
 103  1  1    1      1    1    1      1    1    1      1    1    1      1    1
 104  1  7    0      0    0    2      0    1    2      1    0    0      1    1
 105  6  1    4     32    1    6   5432    1    0      0    0   32      2    9
 106  1  9    2      0    9    0      0    0    0     21    1    3     21    0
 107  6  6    4     32    1    3     21    1    3     21    1    3     21    1
 108  1  9    3     21    1    0      0    0    1      1    0    0      2    1
 109  7  1    1      1    0    0      1    1    1      0    1    0      0    0
 110  0  0    0      0    0    0      0    0    0      0    0    0      0    0
 111  7  1    2      1    0    0      1    1    1      0    1    0      0    0
 112  0  0    0      0    0    0      0    0    0      0    0    0      0    0
 113  0  0    0      0    0    0      0    0    0      0    0    0      0    0
 114  1  8    2      0    1    0      0    0    0      1    1    2      1    0
 115  1  7    0      0    0    1      0    1    1      1    0    0      1    1
 116  1  8    0      0    0    2      0    9    2      1    0    0      2    1
 117  1  8    2      0    1    0      0    0    0     21    1    3     21    0
 118  8  1    0     21    1    2      1    0    0      0    0    2      0    1
 119  1  1    2      2    9    2      2    9    1      1    1    1      1    1
 120  7  1    1      1    0    0      1    1    2      0    1    0      0    0
 121  7  1    0     21    1    3     21    0    0      0    0    2      0    1
 122  1  9    3     21    1    0      0    0    1      1    0    0      1    1
 123  1  1    1      1    1    1      1    1    1      1    1    1      1    1
 124  1  1    3      2    1    2      1    1    1      1    1    3      2    1
 125  1  7    1      0    1    0      0    0    0    321    1    3     21    0
 126  7  1    0      2    1    2      1    0    0      0    0    1      0    1
 127  4  1    3     21    1    3     21    1    1      1    1    1      0    1
 128  6  3    3     21    1    3     21    1    2      1    1    1      1    1
 129  1  1    2     21    1    2     21    1    2      1    1    2      1    1
 130  1  1    2      2    1    2      1    1    1      1    1    2      2    1
 131  5  2    3     21    9    3     21    1    2      2    1    2      2    1
 132  8  1    0     21    1    3     21    0    0      0    0    2      0    1
 133  6  5    3     21    1    2      1    1    2      1    1    2      2    9
 134  1  9   32      0    1    0      0    0    0     32    9    3     99    0
 135  1  1    3     21    1    3     21    1    1      1    1    1      1    1
 136  0  0    0      0    0    0      0    0    0      0    0    0      0    0
 137  1  1    0     21    1    3     21    1    0      0    1    0      0    1
 138  6  2    3      2    1    3     21    1    2      1    1    2      1    1
 139  6  6    3     21    1    3     21    1    3     21    1    3     21    1
 140  1  1    1      1    1    1      1    1    3     21    1    2      1    1
 141  1  1    3     21    1    2      1    1    1      1    1    2      1    1
 142  1  1    3     21    1    2      1    1    1      1    1    1      1    1
 143  7  1    3     21    0    0     21    1    2      0    1    0      0    0
 144  1  1    1      1    1    1      1    1    1      1    1    2      1    1
 145  1  7    0      0    0    2      0    1    2     21    0    0     21    1
 146  1  1    2      1    1    2      2    9    2      2    9    1      1    1
 147  1  1    1      1    1    1      1    1    1      1    1    1      1    1
 148  0  0    0      0    0    0      0    0    0      0    0    0      0    0
 149  0  0    0      0    0    0      0    0    0      0    0    0      0    0
 150  1  1    1      1    1    1      1    1    3     21    1    3     21    1
 151  1  1    1      1    1    1      1    1    2      1    1    2      1    1
 152  1  1    1      1    1    1      1    1    3     21    1    3     21    1
 153  2  6    2      2    1    2      2    1    3     21    1    3     21    1
 154  1  1    2     21    1    2     21    1    3     21    1    3     21    1
 155  1  1    1      1    1    1      1    1    3     21    1    3     21    1
 156  1  7    1      0    1    0      0    0    0      1    1    2      1    0
 157  1  1    1      1    1    2      2    1    3     21    1    3     21    1
 158  1  1    2      1    1    3      2    1    2      1    1    2      1    1
 159  4  4    3      2    1    3      2    1    4    321    1    3     21    1
 160  0  0    0      0    0    0      0    0    0      0    0    0      0    0
 161  0  0    0      0    0    0      0    0    0      0    0    0      0    0
 162  1  8    2      0    1    0      0    0    0     21    1    3     21    0
 163  1  7    0      0    0    1      0    1    1      1    0    0      1    1
 164  1  1    2      2    1    3      2    1    3     21    1    3      2    1
 165  1  1   43     21    1    0     32    1   32      2    1    0      0    0
 166  0  0    0      0    0    0      0    0    0      0    0    0      0    0
 167  0  0    0      0    0    0      0    0    0      0    0    0      0    0
 168  0  0    0      0    0    0      0    0    0      0    0    0      0    0
 169  1  1    1      1    1    1      1    1    1      1    1    1      1    1
 170  0  0    0      0    0    0      0    0    0      0    0    0      0    0
 171  1  7    0      0    0    1      0    1    2      1    0    0      1    1
 172  0  0    0      0    0    0      0    0    0      0    0    0      0    0
 173  1  1    1      1    1    1      1    1    1      1    1    1      1    1
 174  6  6    3     21    1    4     32    1   43      2    1    2      1    1
 175  1  1    2      1    1    2      1    1    3     21    1    3     21    1
 176  1  7    0      0    0    2      0    1    3     21    0    0     21    1
 177  6  6    3     21    1    3     21    1    2      1    1    2      1    1
 178  1  7    0      0    0    2      0    1    3     21    0    0     21    1
 179  1  1    0      1    0    0     21    0    1      0    1    0      0    0
 180  1  1    3     21    1    3     21    1    2      1    1    2      1    1
 181  8  1    0      1    1    2      1    0    0      0    0    1      0    1
 182  1  7    1      0    1    0      0    0    0      1    1    1      1    0
 183  0  0    0      0    0    0      0    0    0      0    0    0      0    0
 184  1  1    3     21    1    3     21    1    1      1    1    1      1    1
 185  1  1    2      2    1    1      1    1    3     21    1    3     21    1
 186  9  1    3     21    0    0     21    1   32      0    1    0      0    0
 187  7  1    3     21    0    0     21    1    2      0    1    0      0    0
 188  1  2    4     32   99    0     32    1   21      0    1   32      2    1
 189  1  9    0      0    0    0      0   21    2      9    0    0     21    1
 190  1  1    2      2    1    2     21    1    3     21    1    3     21    1
 191  4  2    2      1    1    2      1    1    2     21    1    2     21    1
 192  0  0    0      0    0    0      0    0    0      0    0    0      0    0
 193  0  0    0      0    0    0      0    0    0      0    0    0      0    0
 194  1  7    0      0    0    1      0    1    2      1    0    0      1    1
 195  6  2    4     32    1   43     21    1    2      1    1   32      2    1
 196  0  0    0      0    0    0      0    0    0      0    0    0      0    0
 197  7  1    1      0    1    0      0    0    0      1    1    1      1    0
 198  1  1    1      1    1    1      1    1    1      1    1    1      1    1
 199  1  7    1      0    1    0      0    0    0      1    1    1      1    0
 200  0  0    0      0    0    0      0    0    0      0    0    0      0    0
 201  0  0    0      0    0    0      0    0    0      0    0    0      0    0
 202  5  2    4     32    1    3     21    1    1      1    1   32      2    1
 203  1  9    0      0    0   32      0    1   43     21    0    0     32    1
 204  4  2    0    432    1    4    321    0   32      2    1   32      0    1
 205  7  1    0      1    1    1      1    0    0      0    0    1      0    1
 206  1  1    0      0    0    1      1    1    1      1    1    2      2    1
 207  1  1    1      1    1    1      1    1    1      1    1    1      1    1
 208  0  0    0      0    0    0      0    0    0      0    0    0      0    0
 209  0  0    0      0    0    0      0    0    0      0    0    0      0    0
 210  0  0    0      0    0    0      0    0    0      0    0    0      0    0
 211  0  0    0      0    0    0      0    0    0      0    0    0      0    0
 212  9  1   43     21    0    0     32   21    0      0    0    0      0    0
 213  1  1    0   4321    0    0     21    0   32      0    9    0      0    0
 214  4  4    2      1    0    0     32    9    2      0    1   43      3   21
 215  1  1    2      1    0    0     32   21    0      0    0    0      0    0
 216  1  1    1      1    1    1      1    1    1      1    1    1      1    1
 217  1  1    2      1    0    0      1    1    2      0    1    0      0    0
 218  1  1    1      1    1    1      1    1    2      1    1    2      1    1
 219  1  7   32      2    1    0      0    0    3     21    0    0     21    1
 220  1  9    2      1    1    0      0    0    3     21    0    0     32    1
 221  1  9    0      0    0   32      2    9    0      2    1    2      1    0
 222  6  2    3     21    1    4    321    1   21      1    1    2      1    1
 223  1  9    2      0    1    0      0    0    0     21    1    4    321    0
 224  1  9    0      0    0    2      2    1    0   4321    1    3     21    0
 225  1  9   32      2    9    0      0    0   43     21    0    0    321    1
 226  1  8    0      0    0  321      1    1    0    321    1    3     21    0
 227  1  2    0     32    9    3     21    0    3      3   21   32      0    9
 228  2  4    4     32    9   43     32    9    2      1    1    3      2    9
 229  7  1    1      1    0    0      1    1    1      0    1    0      0    0
 230  4  4    3      2    1    3     21    1    2      1    1    2      2    1
 231  7  1    0      2    9    3     21    0    0      0    0    2      0    1
 232  1  7    0      0    0    1      0    1    2      1    0    0      1    1
 233  6  6    4     32    1    4     32    1   43     21    1   43     21    1
 234  6  4    4     32    1    3     21    1   43     21    1    4     32    1
 235  6  6    2      1    1    2      1    1    3     21    1    3     21    1
 236  1  1    1      1    1    1      1    1    1      1    1    1      1    1
 237  7  1    1      1    0    0      1    1    1      0    1    0      0    0
 238  6  6    3     21    1    3     21    1    3      2    1    3      2    1
 239  6  6   43     21    1   54     32    1    4     32    1    4     32    1
 240  1  7    0      1    1    1      1    0    0      0    0    1      0    1
 241  7  1    1      1    0    0      1    1    1      0    1    0      0    0
 242  1  7    0      0    0    2      0    9    2      1    0    0      1    1
 243  7  1    0      1    1    1      1    0    0      0    0    1      0    1
 244  1  7    0      0    0    1      0    1    2      1    0    0      1    1
 245  1  7    0      0    0    1      0    1    2      1    0    0      1    1
 246  0  0    0      0    0    0      0    0    0      0    0    0      0    0
 247  7  1    0     21    0    0     21    0    0      0    0    0      0    0
 248  0  0    0      0    0    0      0    0    0      0    0    0      0    0
 249  6  2    3     21    1   43     21    1    1      1    1   32      2    1
 250  1  8    0      0    0    2      2    1    0     32    1    3     21    0
 251  1  8    2      2    1    0      0    0    3     21    0    0     32    1
 252  1  7    2      0    1    0      0    0    0     21    1    3     21    0
 253  7  1    2      1    0    0     32    9    0      0    0    2      0    1
 254  1  1    1      1    1    1      1    1    1      1    1    2      2    9
 255  2  1   32      2    1    1      1    1    2      2    9    2     21    1
 256  1  7    1      0    1    0      0    0    0      1    1    1      1    0
 257  1  1    1      1    1    1      1    1    1      1    1    1      1    1
 258  1  1    0      0    0    0      0    0    0      0    0    0      0    0
 259  1  1    0      0    0    0      0    0    3     21    0    0     21    1
 260  1  7    0      0    0    2      0    1    3     21    0    0      2    9
 261  7  1    1      1    0    0      1    1    1      0    1    0      0    0
 262  7  1    3     21    0    0     32    9   21      0    1    0      0    0
 263  1  1    3     21    1    3     21    1    2      1    1    2      1    1
 264  6  1    3     21    1    3     21    1   32      1    1    3      2    1
 265  6  6    3     21    1    3     21    1    3      2    9    2      1    1
 266  1  6    1      1    1    2      2    1    3     21    1    3     21    1
 267  1  6    2     21    1    2     21    1    3     21    1    3     21    1
 268  6  1    4     32    9    4     32    9    2      2    1    2      2    1
 269  7  1    2      1    1    2      1    1    2      1    1    2      1    1
 270  8  1    3     21    0    0     21    1    2      0    1    0      0    0
 271  0  0    0      0    0    0      0    0    0      0    0    0      0    0
 272  1  8    0      0    0    2      0    1    2      1    0    0      2    1
 273  0  0    0      0    0    0      0    0    0      0    0    0      0    0
 274  1  7    2      0    1    0      0    0    0      1    1    2      1    0
 275  9  1    2      9    0    0      2    1    2      0    1    0      0    0
 276  9  1    0      1    1    2      1    0    0      0    0    2      0    1
 277  5  1    3     21    1   43     21    1    2      1    1    3      2    1
 278  0  0    0      0    0    0      0    0    0      0    0    0      0    0
 279  1  1    0      0    0    0     21    0    0      0   21    0      0    0
 280  2  2    2      0    1    1      1    1    0      2    1    2      1    0
 281  0  0    0      0    0    0      0    0    0      0    0    0      0    0
 282  6  1    3     21    1    3     21    1    2      1    1    1      1    1
 283  0  0    0      0    0    0      0    0    0      0    0    0      0    0
 284  1  8    0      0    0    2      0    1    3     21    0    0     21    1
 285  6  6    3     21    1    4    321    1    2      1    1    2      1    1
 286  1  9    0      0    0    0      0    0    2      1    0    0      1    1
 287  1  1    0     21    0    0     21    0    0      0    0    0      0    0
 288  1  1    0      0    0    0      0    0    0     21    0    0     21    0
 289  0  0    0      0    0    0      0    0    0      0    0    0      0    0
 290  1  7    0      0    0    1      0    1    1      1    0    0      1    1
 291  1  8    2      0    1    0      0    0    0      1    1    2      1    0
 292  1  1    1      1    1    1      1    1    1      1    1    1      1    1
 293  1  1    1      1    1    1      1    1    1      1    1    1      1    1
 294  1  1    1      1    1    1      1    1    1      1    1    1      1    1
 295  0  0    0      0    0    0      0    0    0      0    0    0      0    0
 296  7  1    1      1    0    0      1    1    1      0    1    0      0    0
 297  0  0    0      0    0    0      0    0    0      0    0    0      0    0
 298  7  1    0     21    1    2     21    0    0      0    0    2      0    1
 299  1  5    1      1    1    1      1    1    3     21    1    2      1    1
 300  7  1    0     21    1    3     21    0    0      0    0    2      0    1
