INT		NB			SB			EB			WB
#	LT	TH	RT	LT	TH	RT	LT	TH	RT	LT	TH	RT

1	0	0	0	86	0	76	47	261	0	0	329	15	
2	0	0	0	4	0	86	38	410	0	0	435	2	
3	209	121	5	13	91	102	66	131	129	18	171	28	
4	0	0	0	87	0	358	479	602	0	0	492	67	
5	50	535	43	306	363	146	178	245	15	42	272	294	
6	45	504	127	13	285	82	41	383	37	62	327	61	
7	215	501	28	96	373	23	95	701	59	450	464	66	
8	327	394	40	596	758	2	61	339	176	176	490	139	
9	137	443	127	170	668	16	28	362	202	479	398	104	
10	11	707	0	0	1349	0	0	0	3	0	0	0	
11	28	621	0	0	1071	0	0	0	35	0	0	0	
12	15	649	0	0	1106	0	0	0	0	0	0	0	
13	12	1	38	253	5	2	1	1148	8	52	724	27	
14	0	0	0	785	0	98	81	1359	0	0	706	469	
15	239	0	207	0	0	0	0	438	149	223	374	0	
16	215	326	444	332	348	14	25	568	98	324	995	0	
17	184	165	139	151	429	70	10	993	80	152	597	142	
18	0	184	10	46	435	90	135	14	20	8	23	43	
19	0	0	0	207	0	290	40	580	0	0	624	179	
20	22	35	178	125	25	2	5	625	44	92	629	86	
21	66	629	416	84	343	32	34	1254	56	353	1310	1	
22	157	204	327	260	348	90	59	998	259	296	733	83	
23	1	403	3	6	751	12	4	4	1	5	5	4	
24	39	43	101	539	0	108	51	678	216	136	658	176	
25	7	305	204	67	382	81	141	695	0	398	711	47	
26	74	581	228	453	538	0	0	1339	373	212    1766	393	
27	419	397	42	397	234	0	106	1450	198	398	1245	79	
28	0	597	0	0	397	0	0	0	0	0	0	0	
29	18	178	95	37	330	165	202	750	13	349	972	59	
30	158	541	63	228	314	722	27	926	38	127	1024	396	
31	1	609	3	49	906	151	133	4	1	40	26	2	
32	44	296	193	20	558	82	33	569	18	622	621	0	
33	0	0	0	0	0	0	0	973	0	0	1139	0	
34	15	42	637	100	104	0	0	708	73	427	1227	112	
35	21	19	40	140	53	25	49	806	15	202	956	67	
36	273	356	194	146	525	17	162	486	671	259	660	57	
37	0	0	0	26	0	282	160	1290	0	0	1259	8	
38	29	134	33	1	296	156	126	1138	52	197	1081	1	
39	34	591	198	112	730	632	403	765	71	151	740	149	
40	19	356	106	25	599	275	224	894	13	232	1025	28	
41	310	378	18	38	602	24	12	812	404	25	709	64	
42	0	474	33	80	783	0	0	0	0	37	0	85	
43	252	316	20	8	297	526	202	137	372	19	149	0	
44	0	465	263	62	585	0	0	0	0	316	0	40	
45	18	265	2	55	371	474	426	166	30	7	298	38	
46	0	0	0	0	0	0	0	860	0	0	793	0	
47	64	1025	20	298	1220	91	359	610	85	349	668	130	
48	7	778	439	25	1184	425	263	713	26	406	782	35	
49	148	1130	134	35	1496	9	18	717	125	78	637	63	
50	64	1135	38	71	1393	113	100	26	63	39	23	73	
51	58	994	204	27	1301	188	162	131	58	226	113	36	
52	0	1098	71	51	1271	264	121	103	0	28	79	38	
53	0	1219	24	20	1346	0	0	83	0	2	30	13	
54	0	0	0	233	0	19	90	130	0	0	50	134	
55	134	1113	0	0	1298	50	130	0	233	0	0	0	
56	0	1247	0	0	1531	0	0	0	1	0	0	0	
57	113	1247	0	0	1532	0	0	0	509	0	0	0	
58	0	1008	163	0	1081	74	152	813	0	111	809	0	
59	0	921	153	0	1076	299	300	770	6	72	307	0	
60	0	572	381	79	798	626	494	611	158	198	524	92	
61	80	818	28	174	979	0	0	459	464	23	299	135	
62	511	616	6	460	927	51	46	319	555	15	284	244	
63	141	345	68	44	576	86	161	443	124	121	406	19	
64	211	542	419	56	342	43	73	333	119	998	591	134	
65	85	1162	0	0	1497	25	16	0	80	0	0	0	
66	136	929	83	96	1090	311	205	2	115	48	2	0	
67	0	526	0	0	706	68	43	0	0	0	0	0	
68	173	120	141	57	55	11	29	968	187	99	1266	90	
69	335	649	21	11	699	36	19	14	56	23	9	0	
70	0	509	60	489	765	0	0	0	0	10	0	640	
71	1003	607	19	20	967	204	1	68	631	25	333	16	
72	27	598	318	187	588	16	117	1154	468	0	1313	446	
73	577	609	0	0	639	400	284	0	489	0	0	0	
74	105	909	277	341	612	24	7	276	133	238	263	361	
75	4	77	27	34	94	1	6	520	74	34	256	10	
76	207	101	65	76	125	2	1	353	346	38	247	3	
77	41	99	100	42	28	1	14	232	51	45	273	74	
78	527	661	74	292	1041	103	235	169	490	227	232	246	
79	405	1437	317	122	903	127	64	228	231	81	361	124	
80	0	0	0	177	0	59	83	291	0	0	333	553	
81	39	1249	86	789	1118	214	417	261	28	140	482	754	
82	0	1119	283	315	1060	69	20	16	0	400	24	353	
83	20	374	36	111	566	15	14	29	13	41	19	53	
84	21	220	57	77	360	135	65	195	12	89	141	93	
85	147	1246	99	13	1401	250	2	3	97	178	90	134	
86	305	65	0	42	178	299	191	555	447	185	419	64	
87	138	227	15	0	310	103	164	70	336	9	37	0	
88	30	96	287	813	194	53	17	270	2	454	546	822	
89	0	496	432	619	743	0	0	0	0	227	0	35	
90	0	0	0	1	0	504	173	424	0	0	164	0	
91	0	0	0	831	0	5	175	250	0	0	158	329	
92	160	3	64	6	55	40	86	690	304	122	287	24	
93	0	304	0	0	191	163	232	0	0	0	0	0	
94	0	24	81	17	43	0	0	191	0	110	304	1	
95	0	413	0	0	650	0	0	0	0	0	0	0	
96	0	59	22	48	154	0	0	0	0	13	0	152	
97	4	350	13	47	510	0	0	79	8	10	17	23	
98	0	1126	156	321	1817	0	0	0	0	392	0	238	
99	185	0	1	0	0	0	0	94	369	210	65	0	
100	0	0	0	43	0	110	81	195	0	0	277	24	
101	80	218	438	165	903	62	266	464	393	449	513	257	
102	7	44	90	213	180	1	0	445	245	76	255	379	
103	2	0	0	14	0	5	11	71	4	0	331	29	
104	0	0	0	145	0	27	121	318	0	0	193	56	
105	486	1457	170	14	1661	1	0	0	0	295	224	34	
106	43	0	0	0	0	0	0	700	25	0	1540	0	
107	459	255	461	636	331	17	41	1154	334	153	476	118	
108	98	1013	0	0	0	0	41	3	0	0	3	119	
109	17	12	0	0	16	49	39	0	23	0	0	0	
110	0	0	0	0	0	0	0	0	0	0	0	0	
111	0	295	0	0	465	50	92	0	1	0	0	0	
112	0	0	0	0	0	0	0	0	0	0	0	0	
113	0	0	0	0	0	0	0	0	0	0	0	0	
114	195	0	340	0	0	0	0	447	173	174	510	0	
115	0	0	0	188	0	8	3	1	0	0	67	696	
116	0	0	0	51	0	138	260	527	0	0	546	502	
117	395	0	12	0	0	0	0	265	375	19	621	0	
118	0	803	214	229	350	0	0	0	0	290	0	246	
119	26	0	74	0	0	0	0	119	19	49	86	0	
120	308	109	0	0	93	0	0	0	478	0	0	0	
121	0	1143	0	0	1475	0	0	0	0	0	0	0	
122	182	1114	0	0	0	0	0	0	0	0	0	0	
123	0	423	178	370	228	0	0	0	0	218	0	642	
124	0	166	636	223	446	0	0	0	0	280	0	522	
125	0	0	0	0	0	0	0	2018	0	0	1357	0	
126	0	714	0	0	682	0	0	0	0	0	0	0	
127	0	550	0	0	883	0	0	0	0	0	0	0	
128	34	488	8	324	464	93	359	118	87	11	64	36	
129	18	283	167	26	232	113	76	84	4	138	133	28	
130	0	63	104	26	50	0	0	0	0	157	0	118	
131	0	866	147	2	1067	0	0	0	0	122	0	46	
132	0	1382	0	0	1664	0	0	0	0	0	0	0	
133	9	223	20	723	613	233	17	62	16	23	52	309	
134	1279	0	223	0	0	0	0	487	1136	578	349	0	
135	64	674	0	0	1096	0	0	0	62	0	0	0	
136	0	0	0	0	0	0	0	0	0	0	0	0	
137	0	994	0	0	745	9	0	0	65	0	0	0	
138	60	559	128	52	331	22	387	301	51	96	169	0	
139	250	331	330	12	267	233	253	580	349	418	465	55	
140	0	0	0	0	0	0	0	289	0	0	160	0	
141	0	61	2	15	153	0	0	0	0	9	0	20	
142	0	116	0	0	112	0	0	0	0	0	0	0	
143	50	1011	0	0	1627	580	266	0	48	0	0	0	
144	0	2	38	0	5	11	1	62	0	86	93	0	
145	0	0	0	501	0	1	1	76	0	0	171	648	
146	0	0	0	356	0	404	126	261	0	0	92	307	
147	0	0	0	0	0	0	0	414	0	0	437	0	
148	0	0	0	0	0	0	0	0	0	0	0	0	
149	0	0	0	0	0	0	0	0	0	0	0	0	
150	0	0	0	0	0	0	0	620	0	0	914	0	
151	0	0	0	24	0	38	11	46	0	0	30	3	
152	20	1	51	70	2	39	0	963	12	70	745	37	
153	0	0	0	0	0	0	0	1051	0	0	262	0	
154	15	160	137	29	192	129	116	598	25	69	405	154	
155	0	0	0	117	0	29	20	827	0	0	806	0	
156	45	0	0	0	0	0	0	9	107	8	10	0	
157	0	0	0	35	0	96	29	1284	0	0	866	84	
158	43	152	1	310	222	1	62	2	4	7	9	2	
159	122	100	23	288	142	295	719	1707	50	219	1138	0	
160	0	0	0	0	0	0	0	0	0	0	0	0	
161	0	0	0	0	0	0	0	0	0	0	0	0	
162	137	0	138	0	0	0	0	698	221	125	674	0	
163	0	0	0	0	0	0	0	313	0	0	17	0	
164	35	0	8	0	0	216	147	278	27	12	822	0	
165	633	302	0	0	903	201	49	0	237	0	0	0	
166	0	0	0	0	0	0	0	0	0	0	0	0	
167	0	0	0	0	0	0	0	0	0	0	0	0	
168	0	0	0	0	0	0	0	0	0	0	0	0	
169	7	304	0	0	458	11	6	0	23	0	0	0	
170	0	0	0	0	0	0	0	0	0	0	0	0	
171	0	0	0	219	0	125	179	359	0	0	205	127	
172	0	0	0	0	0	0	0	0	0	0	0	0	
173	14	277	34	1	434	26	20	77	6	91	38	0	
174	136	411	2	132	1243	217	238	35	326	0	26	104	
175	2	17	25	59	264	85	103	1069	0	188	1192	105	
176	0	0	0	257	0	196	1	1123	0	0	1117	43	
177	0	452	550	26	1137	0	0	0	0	354	0	40	
178	0	0	0	155	0	354	29	968	0	0	1162	151	
179	0	485	0	0	800	0	0	0	0	0	0	0	
180	0	275	76	0	934	0	0	0	0	171	0	0	
181	0	90	59	0	107	0	0	0	0	61	0	0	
182	0	0	0	0	0	0	0	335	0	0	255	0	
183	0	0	0	0	0	0	0	0	0	0	0	0	
184	0	1012	0	0	1189	0	0	0	0	2	0	0	
185	0	0	113	0	0	0	0	1231	0	302	1283	0	
186	88	729	0	0	543	1060	207	0	25	0	0	0	
187	71	142	0	0	79	767	815	0	45	0	0	0	
188	0	811	0	0	1337	465	441	0	3	873	558	193	
189	0	0	0	0	0	1188	438	378	0	0	504	38	
190	109	191	309	94	102	6	15	686	30	205	493	105	
191	0	0	0	0	1	403	0	0	602	0	0	0	
192	0	0	0	0	0	0	0	0	0	0	0	0	
193	0	0	0	0	0	0	0	0	0	0	0	0	
194	0	0	0	0	0	1	26	135	0	0	64	0	
195	0	1479	52	256	1394	0	0	0	0	0	0	377	
196	0	0	0	0	0	0	0	0	0	0	0	0	
197	64	0	0	0	0	0	0	155	72	0	132	0	
198	48	166	0	0	150	0	0	0	67	0	0	0	
199	115	0	0	0	0	0	0	304	226	0	113	0	
200	0	0	0	0	0	0	0	0	0	0	0	0	
201	0	0	0	0	0	0	0	0	0	0	0	0	
202	0	639	259	209	1493	0	0	0	0	185	0	101	
203	0	0	0	1417	0	260	146	717	0	0	616	748	
204	0	1387	179	343	1613	0	230	187	312	210	0	584	
205	0	224	0	83	251	0	0	0	0	0	0	31	
206	0	0	0	103	85	0	0	0	0	335	0	151	
207	0	45	36	0	87	0	0	0	0	92	0	0	
208	0	0	0	0	0	0	0	0	0	0	0	0	
209	0	0	0	0	0	0	0	0	0	0	0	0	
210	0	0	0	0	0	0	0	0	0	0	0	0	
211	0	0	0	0	0	0	0	0	0	0	0	0	
212	131	1290	0	0	593	271	0	0	0	0	0	0	
213	0	710	0	0	593	0	728	0	0	0	0	0	
214	30	331	0	0	1301	25	0	0	0	227	102	874	
215	238	361	0	0	408	1162	0	0	0	0	0	0	
216	57	0	22	0	0	0	0	49	37	15	304	0	
217	224	769	0	0	528	103	231	0	514	0	0	0	
218	25	110	113	105	227	110	34	29	17	176	42	29	
219	230	0	78	0	0	0	557	646	0	0	623	848	
220	74	0	439	0	0	0	48	1722	0	0	773	1269	
221	0	0	0	1594	0	169	0	176	478	679	169	0	
222	0	1183	0	0	2028	454	217	0	0	0	0	0	
223	325	0	29	0	0	0	0	1286	860	95	1707	0	
224	0	0	0	201	0	532	0	1338    437	542	1227	0	
225	968	0	265	0	0	0	967	918	0	0	802	146	
226	0	0	0	517	0	468	0	748	0	465	389	0	
227	0	662	91	433	893	0	54	348	361	339	0	75	
228	0	198	78	1203	203	46	30	251	0	476	63	152	
229	15	208	0	0	378	42	41	0	34	0	0	0	
230	0	1232	45	113	931	0	0	0	0	45	0	33	
231	0	735	293	97	368	0	0	0	0	64	0	56	
232	0	0	0	13	0	347	34	442	0	0	283	4	
233	128	508	421	48	1130	314	490	480	3	353	697	5	
234	160	501	460	117	723	258	73	858	72	82	302	84	
235	124	122	48	58	230	124	142	868	135	28	543	86	
236	61	72	0	0	35	9	14	0	72	0	0	0	
237	21	118	0	0	115	47	29	0	11	0	0	0	
238	64	953	0	1	1671	4	89	101	208	0	150	19	
239	923	895	154	129	413	250	8	902	700	63	865	340	
240	0	4	30	152	14	0	0	0	0	53	0	89	
241	99	404	0	0	521	47	12	0	171	0	0	0	
242	0	0	0	112	0	180	68	115	0	0	303	53	
243	0	72	36	0	194	0	0	0	0	15	0	0	
244	0	0	0	26	0	14	36	419	0	0	273	11	
245	0	0	0	360	0	356	93	141	0	0	109	142	
246	0	0	0	0	0	0	0	0	0	0	0	0	
247	0	0	0	0	0	0	0	0	0	0	0	0	
248	0	0	0	0	0	0	0	0	0	0	0	0	
249	0	1546	260	606	953	0	0	0	0	253	0	787	
250	0	0	0	142	1	490	0	869	225	3	690	0	
251	376	0	99	0	0	0	515	390	0	0	318	25	
252	342	0	0	0	0	0	0	963	204	1	1113	0	
253	215	346	0	0	0	301	0	0	0	0	0	574	
254	0	566	354	780	185	0	0	0	0	425	0	37	
255	389	554	776	1	207	3	105	99	247	122	11	1	
256	0	0	0	0	0	0	0	59	0	0	61	0	
257	16	0	9	0	0	0	0	272	32	13	96	0	
258	0	0	0	0	0	0	0	1435	0	0	468	0	
259	0	0	0	0	0	0	984	451	0	0	468	604	
260	0	0	0	0	0	0	972	561	0	0	285	3	
261	20	418	0	0	665	29	89	0	17	0	0	0	
262	1129	953	0	0	926	0	928	0	11	0	0	0	
263	141	980	38	25	1388	150	288	1	39	77	2	48	
264	54	726	537	0	827	129	147	140	44	692	207	0	
265	385	1776	196	8	1163	193	135	151	102	69	157	10	
266	0	0	0	62	0	413	297	552	0	0	566	41	
267	20	134	0	440	292	2	1	613	0	0	585	117	
268	113	1309	92	0	1285	1	2	3	182	143	3	64	
269	0	124	38	93	218	0	0	0	0	143	0	15	
270	62	547	0	0	767	186	276	0	131	0	0	0	
271	0	0	0	0	0	0	0	0	0	0	0	0	
272	0	0	0	627	0	190	76	74	0	0	347	426	
273	0	0	0	0	0	0	0	0	0	0	0	0	
274	92	0	142	0	0	0	0	77	151	227	264	0	
275	4	1187	0	0	710	219	899	0	9	0	0	0	
276	0	944	1	281	380	0	0	0	0	5	0	226	
277	0	987	112	569	557	48	56	12	0	312	54	866	
278	0	0	0	0	0	0	0	0	0	0	0	0	
279	0	0	0	0	1475	0	0	0	647	0	0	0	
280	406	0	265	0	0	0	0	375	339	272	443	0	
281	0	0	0	0	0	0	0	0	0	0	0	0	
282	1	764	0	0	1741	4	42	0	0	0	0	0	
283	0	0	0	0	0	0	0	0	0	0	0	0	
284	0	0	0	8	0	914	463	855	0	0	888	1	
285	57	1110	233	0	1972	164	254	5	89	421	5	202	
286	0	0	0	0	0	0	415	379	0	0	298	173	
287	0	2099	0	0	1162	0	0	0	0	0	0	0	
288	0	0	0	0	0	0	0	1123	0	0	1313	0	
289	0	0	0	0	0	0	0	0	0	0	0	0	
290	0	0	0	0	0	449	213	0	0	0	6	14	
291	338	0	232	0	0	0	0	398	312	127	457	0	
292	0	200	37	156	699	0	0	0	0	16	0	61	
293	0	221	144	254	416	0	0	0	0	130	0	142	
294	0	0	0	35	0	419	338	0	0	0	4	0	
295	0	0	0	0	0	0	0	0	0	0	0	0	
296	0	0	0	0	0	0	0	0	0	0	0	0	
297	0	0	0	0	0	0	0	0	0	0	0	0	
298	0	435	0	2	1196	0	0	0	0	0	0	6	
299	0	0	0	0	0	0	0	555	0	0	546	0	
300	0	2071	15	29	908	0	0	0	0	22	0	11	
