INT		NB			SB			EB			WB
#	LT	TH	RT	LT	TH	RT	LT	TH	RT	LT	TH	RT

1	0	0	0	74	0	84	53	234	0	0	325	15	
2	0	0	0	4	0	86	50	367	0	0	439	2	
3	216	202	7	12	76	93	79	147	130	24	181	19	
4	0	0	0	85	0	333	489	628	0	0	523	73	
5	60	598	50	273	250	123	209	268	13	94	258	277	
6	72	566	108	15	235	76	57	418	31	79	292	64	
7	214	587	28	57	384	24	64	758	52	491	513	68	
8	311	442	39	527	777	2	82	325	167	151	525	160	
9	132	431	137	186	620	19	30	345	171	509	404	118	
10	11	701	0	0	1300	0	0	0	19	0	0	0	
11	27	615	0	0	1040	0	0	0	16	0	0	0	
12	15	642	0	0	1057	0	0	0	2	0	0	0	
13	12	1	38	207	8	2	1	1065	19	54	719	28	
14	0	0	0	602	0	128	89	1221	0	0	673	504	
15	262	0	218	0	0	0	0	473	112	225	379	0	
16	269	391	400	306	348	15	25	598	116	327	1057	0	
17	189	180	135	192	437	54	13	919	59	169	650	184	
18	8	194	13	45	452	81	139	17	23	8	24	43	
19	0	0	0	162	0	357	47	579	0	0	616	191	
20	9	53	196	108	25	1	9	661	51	64	650	114	
21	64	727	380	152	340	30	34	1216	55	371	1372	2	
22	167	249	348	251	326	90	59	903	334	284	839	77	
23	1	440	6	50	752	14	4	8	1	6	5	4	
24	40	46	100	544	0	104	67	647	168	147	662	191	
25	7	362	310	72	305	81	133	769	0	514	736	37	
26	133	807	444	413	629	0	0	1418	272	334	1685	317
27	494	368	51	368	225	0	106	1436	206	280	1251	148	
28	0	689	0	0	421	0	0	0	0	0	0	0	
29	0	210	97	30	398	244	294	843	14	181	1042	80	
30	232	445	593	340	324	542	1	1076	26	535	1563	578	
31	1	614	4	52	884	159	151	5	1	31	17	3	
32	68	244	57	27	345	218	105	848	17	211	1017	0	
33	0	0	0	0	0	722	619	1116	0	0	1507	67	
34	16	50	560	82	210	0	1	849	83	291	1212	158	
35	28	37	56	177	89	58	72	897	36	94	790	70	
36	296	338	164	146	560	47	147	578	584	351	616	51	
37	0	0	0	122	0	66	131	1367	0	0	1373	57	
38	70	93	101	0	236	258	256	1100	133	150	1102	1	
39	62	665	206	117	770	506	388	824	76	159	685	165	
40	7	438	124	25	607	345	241	919	9	264	888	32	
41	317	398	18	37	643	16	11	803	430	12	616	92	
42	0	512	44	72	846	0	0	0	0	35	0	78	
43	219	350	21	10	328	566	221	160	359	18	145	0	
44	0	454	283	67	604	0	0	0	0	321	0	54	
45	18	254	2	61	388	477	445	166	32	7	323	38	
46	0	0	0	0	0	0	0	852	0	0	718	0	
47	82	1059	56	271	1233	86	394	650	89	301	649	119	
48	8	849	414	25	1200	382	280	737	28	425	726	34	
49	140	1176	132	34	1541	4	18	717	117	86	573	57	
50	56	1178	39	71	1439	112	100	27	64	38	22	67	
51	55	1032	207	25	1377	175	168	145	56	210	146	21	
52	0	1144	70	49	1306	288	115	114	0	28	80	35	
53	0	1263	24	20	1376	0	0	85	0	2	29	14	
54	0	0	0	249	0	18	44	140	0	0	49	170	
55	170	1146	0	0	1330	49	140	0	249	0	0	0	
56	0	1316	0	0	1579	0	0	0	3	0	0	0	
57	116	1316	0	0	1582	0	0	0	541	0	0	0	
58	0	992	177	0	1044	71	161	815	0	110	799	0	
59	0	903	159	0	1036	286	306	777	6	72	284	0	
60	0	608	389	83	814	603	478	614	161	202	492	93	
61	61	863	29	180	997	0	0	467	469	25	295	134	
62	547	631	6	469	946	58	47	317	571	8	254	243	
63	136	385	64	46	614	74	138	463	125	102	377	20	
64	260	563	435	46	290	46	70	362	120	961	538	164	
65	73	1204	0	0	1539	44	26	0	97	0	0	0	
66	137	979	79	100	1115	310	205	2	115	49	2	0	
67	0	543	0	0	734	64	45	0	0	0	0	0	
68	51	97	159	77	33	8	42	1027	44	117	1194	153	
69	288	769	21	6	442	33	17	24	126	21	11	1	
70	0	541	47	491	788	0	0	0	0	10	0	654	
71	900	620	19	19	977	383	1	71	597	66	431	20	
72	24	503	366	233	610	25	14	1239	380	0	1306	470	
73	820	525	0	0	663	199	204	0	501	0	0	0	
74	75	999	267	338	534	24	32	272	127	134	243	274	
75	4	79	28	33	95	1	6	518	90	35	253	10	
76	212	104	58	90	130	2	1	375	333	38	207	3	
77	39	152	102	43	28	1	22	267	54	37	226	73	
78	448	786	84	299	1028	58	237	173	467	300	146	253	
79	443	1517	291	154	859	104	73	234	234	83	329	118	
80	0	0	0	143	0	46	72	340	0	0	289	581	
81	30	1289	90	766	1110	208	406	295	15	135	466	795	
82	0	1064	279	286	1109	72	23	15	0	397	22	373	
83	20	406	46	111	588	15	11	35	15	40	19	52	
84	22	252	57	72	394	131	78	201	10	100	148	87	
85	156	1192	109	4	1442	235	2	6	128	140	96	131	
86	607	112	0	39	321	213	200	563	460	149	340	62	
87	129	239	18	0	307	101	158	70	369	9	37	0	
88	49	176	150	837	187	73	9	273	7	190	538	891	
89	0	490	487	774	569	0	0	0	0	254	0	18	
90	0	0	0	2	0	460	173	429	0	0	91	0	
91	0	0	0	867	0	10	182	249	0	0	81	322	
92	195	73	141	7	45	29	89	706	320	142	179	24	
93	0	317	0	0	219	144	221	0	0	0	0	0	
94	0	24	77	17	31	0	0	219	0	108	317	2	
95	0	374	0	0	384	0	0	0	0	0	0	0	
96	0	64	22	52	145	0	0	0	0	17	0	183	
97	5	404	13	44	562	0	0	80	9	10	17	11	
98	0	1056	135	332	2025	0	0	0	0	419	0	214	
99	169	0	1	0	0	0	0	141	504	195	53	0	
100	0	0	0	31	0	108	77	179	0	0	273	24	
101	76	164	450	151	1014	52	238	495	429	421	558	377	
102	6	35	90	227	154	1	0	498	316	79	266	375	
103	2	0	0	15	0	4	10	160	4	0	305	29	
104	0	0	0	277	0	22	97	368	0	0	182	40	
105	515	1420	150	14	1695	0	0	0	0	301	192	37	
106	40	0	0	0	0	0	0	670	27	0	1714	0	
107	379	329	264	798	304	2	87	884	375	223	856	389	
108	97	1031	0	0	0	0	41	2	0	0	166	103	
109	17	12	0	0	31	50	38	0	22	0	0	0	
110	0	0	0	0	0	0	0	0	0	0	0	0	
111	0	269	0	0	501	51	95	0	1	0	0	0	
112	0	0	0	0	0	0	0	0	0	0	0	0	
113	0	0	0	0	0	0	0	0	0	0	0	0	
114	209	0	478	0	0	0	0	448	163	332	460	0	
115	0	0	0	186	0	9	4	1	0	0	88	748	
116	0	0	0	37	0	150	291	635	0	0	642	546	
117	374	0	17	0	0	0	0	256	103	76	592	0	
118	0	820	145	342	330	0	0	0	0	29	0	367	
119	52	0	100	0	0	0	0	132	14	48	64	0	
120	281	130	0	0	105	0	0	0	516	0	0	0	
121	0	1218	0	0	1393	0	0	0	0	0	0	0	
122	38	1130	0	0	0	0	0	0	0	0	0	0	
123	0	470	179	385	197	0	0	0	0	189	0	652	
124	0	52	634	196	371	0	0	0	0	433	0	618	
125	0	0	0	0	0	0	0	1964	0	0	1355	0	
126	0	776	0	0	666	0	0	0	0	0	0	0	
127	0	594	0	0	730	0	0	0	0	0	0	0	
128	38	453	6	249	513	92	363	80	105	11	66	25	
129	18	292	169	26	212	106	114	127	14	126	151	29	
130	0	69	184	37	36	0	0	0	0	148	0	139	
131	0	812	259	217	784	0	0	0	0	520	0	223	
132	0	1325	0	0	1681	0	0	0	0	0	0	0	
133	10	174	0	815	713	221	18	104	20	5	41	252	
134	1229	0	230	0	0	0	0	511	1130	621	308	0	
135	64	669	0	0	1049	0	0	0	36	0	0	0	
136	0	0	0	0	0	0	0	0	0	0	0	0	
137	0	1071	0	0	570	8	0	0	70	0	0	0	
138	59	573	126	56	313	22	386	300	46	95	161	0	
139	241	508	0	3	353	562	635	8	506	0	8	9	
140	0	0	0	0	0	0	0	292	0	0	152	0	
141	0	66	2	15	148	0	0	0	0	9	0	20	
142	0	146	0	0	111	0	0	0	0	0	0	0	
143	51	933	0	0	1742	699	254	0	48	0	0	0	
144	0	3	49	0	5	11	1	63	0	85	92	0	
145	0	0	0	494	0	1	1	80	0	0	206	633	
146	0	0	0	428	0	427	116	271	0	0	71	229	
147	0	0	0	0	0	0	0	371	0	0	441	0	
148	0	0	0	0	0	0	0	0	0	0	0	0	
149	0	0	0	0	0	0	0	0	0	0	0	0	
150	0	0	0	0	0	0	0	626	0	0	973	0	
151	0	0	0	27	0	32	12	48	0	0	19	10	
152	21	1	49	62	2	36	0	880	11	70	780	43	
153	0	0	0	0	0	0	0	1261	0	0	272	0	
154	19	170	189	20	176	119	119	611	32	60	400	176	
155	0	0	0	101	0	29	20	781	0	0	806	0	
156	46	0	0	0	0	0	0	14	97	9	11	0	
157	0	0	0	43	0	112	22	1265	0	0	871	89	
158	48	152	0	288	258	0	67	8	10	7	9	2	
159	124	60	25	275	152	376	642	1664	47	226	1129	0	
160	0	0	0	0	0	0	0	0	0	0	0	0	
161	0	0	0	0	0	0	0	0	0	0	0	0	
162	147	0	147	0	0	0	0	755	203	140	684	0	
163	0	0	0	0	0	0	0	296	0	0	17	0	
164	35	0	8	2	0	254	161	379	30	10	906	0	
165	738	288	0	0	790	177	65	0	324	0	0	0	
166	0	0	0	0	0	0	0	0	0	0	0	0	
167	0	0	0	0	0	0	0	0	0	0	0	0	
168	0	0	0	0	0	0	0	0	0	0	0	0	
169	5	300	0	0	488	11	18	0	24	0	0	0	
170	0	0	0	0	0	0	0	0	0	0	0	0	
171	0	0	0	319	0	128	192	369	0	0	204	101	
172	0	0	0	0	0	0	0	0	0	0	0	0	
173	14	310	43	1	477	26	20	85	6	94	36	0	
174	93	348	3	144	1470	275	279	34	278	0	27	101	
175	0	76	37	57	212	172	106	1095	0	232	1081	107	
176	0	0	0	208	0	236	11	1181	0	0	920	102	
177	0	0	0	67	0	453	245	441	0	0	269	58	
178	0	0	0	171	0	314	115	1022	0	0	1023	133	
179	0	554	0	0	822	0	0	0	0	0	0	0	
180	0	274	79	0	795	0	0	0	0	171	0	0	
181	0	369	107	4	636	0	0	0	0	108	0	0	
182	0	0	0	0	0	0	0	353	0	0	244	0	
183	0	0	0	0	0	0	0	0	0	0	0	0	
184	0	1071	2	0	1304	0	0	0	0	76	0	0	
185	0	0	175	0	0	0	0	1217	0	311	1108	0	
186	2	741	0	0	266	11	5	0	5	0	0	0	
187	35	633	0	0	364	0	66	0	0	0	0	0	
188	0	865	0	0	1320	414	473	0	3	864	581	189	
189	0	0	0	0	0	1160	469	388	0	0	477	39	
190	122	230	355	74	111	3	14	705	67	220	500	94	
191	0	0	0	0	0	871	0	0	1002	0	0	0	
192	0	0	0	0	0	0	0	0	0	0	0	0	
193	0	0	0	0	0	0	0	0	0	0	0	0	
194	0	0	0	0	0	1	28	136	0	0	63	0	
195	0	1514	47	230	1311	0	0	0	0	0	0	416	
196	0	0	0	0	0	0	0	0	0	0	0	0	
197	66	0	0	0	0	0	0	165	71	0	153	0	
198	41	196	0	0	159	0	0	0	66	0	0	0	
199	79	0	0	0	0	0	0	459	194	0	62	0	
200	0	0	0	0	0	0	0	0	0	0	0	0	
201	0	0	0	0	0	0	0	0	0	0	0	0	
202	0	637	242	255	1494	0	0	0	0	174	0	100	
203	0	0	0	1450	0	219	148	902	0	0	542	728	
204	0	1362	189	341	1655	0	249	197	329	208	0	587	
205	0	214	0	85	268	0	0	0	0	0	0	30	
206	0	0	0	136	77	0	0	0	0	339	0	149	
207	0	42	39	0	114	0	0	0	0	94	0	0	
208	0	0	0	0	0	0	0	0	0	0	0	0	
209	0	0	0	0	0	0	0	0	0	0	0	0	
210	0	0	0	0	0	0	0	0	0	0	0	0	
211	0	0	0	0	0	0	0	0	0	0	0	0	
212	0	0	0	0	0	0	0	0	0	0	0	0	
213	0	0	0	0	0	0	0	0	0	0	0	0	
214	0	0	0	0	0	0	0	0	0	0	0	0	
215	261	451	0	0	350	1151	0	0	0	0	0	0	
216	77	0	21	0	0	0	0	127	47	12	257	0	
217	337	784	0	0	479	59	266	0	511	0	0	0	
218	24	173	60	88	340	105	64	33	17	133	49	36	
219	261	0	74	0	0	0	604	622	0	0	891	755	
220	76	0	447	0	0	0	60	1875	0	0	558	1133	
221	0	0	0	1796	0	186	0	140	589	464	171	0	
222	0	1144	0	0	2079	448	210	0	0	0	0	0	
223	266	0	23	0	0	0	0	1454	856	251	1415	0	
224	0	0	0	209	0	563	0	1840    521	525	1213	0	
225	954	0	190	0	0	0	1091	958	0	0	783	29	
226	0	0	0	480	0	631	0	815	0	654	498	0	
227	0	547	180	344	1110	0	39	355	385	396	0	75	
228	0	330	174	471	659	24	26	410	0	72	34	55	
229	14	213	0	0	475	16	44	0	85	0	0	0	
230	0	1252	53	128	854	0	0	0	0	42	0	104	
231	0	747	307	88	355	0	0	0	0	64	0	56	
232	0	0	0	21	0	384	31	436	0	0	250	4	
233	836	0	174	0	0	0	0	880	236	167	738	0	
234	113	689	472	96	803	241	60	967	13	103	322	61	
235	161	145	28	38	240	135	158	956	88	37	500	66	
236	62	93	0	0	46	6	13	0	61	0	0	0	
237	21	140	0	0	125	46	29	0	12	0	0	0	
238	62	880	0	20	1764	7	84	101	167	5	143	20	
239	956	883	164	127	394	255	8	892	724	58	829	406	
240	0	47	31	163	20	0	0	0	0	47	0	18	
241	17	398	0	0	567	51	13	0	183	0	0	0	
242	0	0	0	139	0	224	43	245	0	0	355	31	
243	0	67	20	0	252	0	0	0	0	13	0	0	
244	0	0	0	70	0	13	20	437	0	0	241	7	
245	0	0	0	266	0	593	54	126	0	0	115	112	
246	0	0	0	0	0	0	0	0	0	0	0	0	
247	0	0	0	0	0	0	0	0	0	0	0	0	
248	0	0	0	0	0	0	0	0	0	0	0	0	
249	0	1623	257	596	937	0	0	0	0	246	0	823	
250	0	0	0	143	1	482	0	886	208	3	709	0	
251	412	0	100	0	0	0	524	397	0	0	301	41	
252	527	0	0	0	0	0	0	943	320	0	937	0	
253	175	403	0	0	0	128	0	0	0	0	0	266	
254	0	290	379	647	425	0	0	0	0	257	0	37	
255	392	580	819	1	201	3	106	97	258	121	13	1	
256	0	0	0	0	0	0	0	107	4	0	108	0	
257	16	0	9	0	0	0	0	427	32	13	46	0	
258	0	0	0	0	0	0	0	1535	0	0	486	0	
259	0	0	0	0	0	0	965	570	0	0	486	708	
260	0	0	0	0	0	0	433	621	0	0	162	3	
261	20	296	0	0	724	28	123	0	17	0	0	0	
262	1155	1015	0	0	917	0	941	0	10	0	0	0	
263	145	996	38	25	1378	155	292	1	50	72	2	51	
264	54	753	532	0	825	120	138	143	45	688	203	0	
265	381	1871	205	8	1146	195	112	145	96	72	155	10	
266	0	0	0	67	0	385	319	543	0	0	562	34	
267	20	142	0	450	251	1	1	609	0	0	574	94	
268	117	1397	58	0	1259	1	2	3	181	151	3	11	
269	0	192	146	205	299	0	0	0	0	179	0	193	
270	71	640	0	0	822	183	293	0	155	0	0	0	
271	0	0	0	0	0	0	0	0	0	0	0	0	
272	0	0	0	661	0	156	71	74	0	0	323	459	
273	0	0	0	0	0	0	0	0	0	0	0	0	
274	66	0	168	0	0	0	0	225	159	222	320	0	
275	4	1231	0	0	700	219	946	0	3	0	0	0	
276	0	957	1	279	365	0	0	0	0	5	0	257	
277	0	1033	101	588	542	46	69	12	0	332	43	838	
278	0	0	0	0	0	0	0	0	0	0	0	0	
279	0	0	0	0	1497	0	0	0	587	0	0	0	
280	434	0	289	0	0	0	0	372	341	312	432	0	
281	0	0	0	0	0	0	0	0	0	0	0	0	
282	1	760	0	0	1786	22	37	0	1	0	0	0	
283	0	0	0	0	0	0	0	0	0	0	0	0	
284	0	0	0	10	0	893	438	1041	0	0	773	1	
285	57	1064	233	1	2029	162	282	5	89	409	5	205	
286	0	0	0	0	0	0	425	379	0	0	352	119	
287	0	2211	0	0	1135	0	0	0	0	0	0	0	
288	0	0	0	0	0	0	0	1193	0	0	1156	0	
289	0	0	0	0	0	0	0	0	0	0	0	0	
290	0	0	0	0	0	425	269	0	0	0	4	5	
291	335	0	244	0	0	0	0	411	316	121	460	0	
292	0	130	38	153	847	0	0	0	0	11	0	62	
293	0	303	115	378	460	0	0	0	0	262	0	127	
294	0	0	0	27	0	606	370	1	0	0	30	21	
295	0	0	0	0	0	0	0	0	0	0	0	0	
296	0	0	0	0	0	0	0	0	0	0	0	0	
297	0	0	0	0	0	0	0	0	0	0	0	0	
298	0	426	0	1	1218	0	0	0	0	0	0	8	
299	0	0	0	0	0	0	0	573	0	0	499	0	
300	0	2161	15	29	898	0	0	0	0	22	0	9	
