Updated: 01/25/13
ui3  tmc_1pm_2012.prn              Base Year: 2012
IntIdNB_L NB_T NB_R SB_L SB_T SB_R EB_L EB_T EB_R WB_L WB_T WB_R
   1   13   30    4  316   17   21    9  293   13    7  180   99
   2   15   22   55   34   40   29   13  440   38   60  412   35
   3  119  251  172   23  224   60   34  207   48  150  290   59
   4    0    0    0  126    0  165   97  553    0    0  625   90
   5   38  735  112  175  560  106  109  135   49  259  318  335
   6   71  800   95  131  839   87   89  234   56   83  220  229
   7  235  599  115  135  553   48  175  409   64  464  499  248
   8  235  741  145  253  664   53   35  251  138  177  327  204
   9  171  784  152  121  907   63   62  269  195  308  330  185
  10    0  882   29   38 1247    2    2    0    1   35    0   56
  11   50 1069    1    9 1252   14   18    1   45    2    0   12
  12   14  949    0    0 1209    8   81    0    7    0    0    0
  13   58   29   84  189   70   11    6 1254   18  124 1016   64
  14    0    0    0 1170    0   88   72 1439    0    0 1137  351
  15  116    0  180    0    0    0    0  465   69  225  946    0
  16  143  215  326  129  294   79  100  928  103  177 1122   42
  17   47  122   61  205  327  147   47  462   34   67  535   76
  18   46  123   38   44  270   56   41  177   94   59  253   48
  19    0    2    4  206    2  202   90  553    3    5  728  139
  20   58   44  151   29   30   24   26  532   52  145 1081   60
  21   98  250  263   90  171   31   27 1091   49  149 1227   59
  22   53  171  153  199  341  138   72  760   64  108  721  127
  23   14  122   14   76  269  114   88  305   39   15  177   44
  24   69   51   36  206    0  151   44  526  137  112  635   50
  25  102  279   84  140  451  203  148  465   79  178  788   82
  26  105  424  228  394  508   41    0 1309  202  240 1652  207
  27   63  183  195  150  183   44   23 1312   64  188 1196  148
  28    0 1101   58    0  945    0    0    0    0    0    0    6
  29   71  652  188   55  538  164  165  476   78   99  705   38
  30  185  725  186  269  573  486  227 1099  292  468 1461   24
  31   40  807   46   56  972   44   53   96   36   77  122  152
  32   24   96   65   73  143   93   45  700   52  122  790   45
  33    0    0    0    0    0  522  230 1535    0    0 1355   52
  34   72  103  323   67  236   65   49  774  120  398 1075  103
  35   24   92   60  192  232  302  260  963   28   62  678   58
  36  207  310   78  125  703   75   78  583  377  192  486   42
  37    7    3    7   90    0  235  140 1038    3    1 1285   88
  38   13   30   22   21   73  119   53 1133   68   45 1143   24
  39  137  564  138  139  551  339  372  692  140  192  456  146
  40  157  494  139  135  567  104  221  633  158  129  719  102
  41  134  369  109  133  488  107  217  733  332  107  513  100
  42    9  469  120  128  692   16    5    2    2  109    7  126
  43  143  425   14   30  600  214  211  134  302   25  103   40
  44    9  490   74   79  815   30   16    8    8   71    8   71
  45   20  254   17   97  519  195  222  172   27   37  155   69
  46   77    1   85   25    3   10   11  832  104   94  689   15
  47  168  888   67  174 1140   77  398  502  129  271  398   92
  48  139  801  166   40 1416  189  261  529   99  303  490   26
  49  146  969   74  149 1410  156  216  579  192  209  399  103
  50   86 1172  130  128 1635   84   77  175   68  117  118   59
  51   39 1159  254   43 1675   27   20  112   12  301   83   45
  52   69 1327   82   52 1681   86  102  116   62   52   63   30
  53   68 1551  110   75 2030   17   10   75   35   79   45   85
  54    7    8   46  385   36  210  133   92    7   29  111   89
  55  149 1534   24    8 1711   36   51    5  309   15    2   12
  56    0 1721    0    0 2015   34  102    0   23    0    0    0
  57  245 1656   79   21 2002   12    0    0  186   64   18   26
  58    0  390  307    0  762   92  122  547    9  199  380   34
  59    0  483  131    1  676  267  219  700   36  102  441   15
  60    8  306  169   84  786  375  183  459   41  229  429   23
  61  187  423   97  167  873   52   26  500  345   79  309   61
  62  230  502   79  279  909   55   55  396  350   65  298   79
  63   87  434  157  159  587  269  352  475   89  218  324   94
  64  118  406  440   76  363   81   85  238   71  673  417  141
  65   48 1330    6   11 1753   94  106    3   69    9    2   13
  66   69  756   46  202 1248   24   17    6    9   64    8  150
  67    7  670   79  122 1051    3    4    1    5   79    0   54
  68  114  113  129   69   85  102  141  848   71  104  802   93
  69  128  866   30   18  528  104  114   44   60   47  106   62
  70   34  741   53  275 1090   27   11    6   27   64    8  171
  71  435  550   29   48 1170  430   73   68  418   47   60   21
  72   59  401  197  266  749   63   37 1193  132    0  805   42
  73  425  780    1    2 1003  390  260    1  378    7   14   12
  74   21  633  433  246  767    0   47   78   72  251   22  429
  75   68  118   64   31  210   27   36  417  184   56  195    7
  76   96  221   42   87  346   38   47  465  225   48  207   31
  77   64   75  300   30   39   16   17  222   28  107  276   40
  78  376  403  153  135  430   36  124  135  321  396  313  299
  79  152  943  122  105  673   67   62   47   38  243  293  523
  80    0    0    0  125    0   64  213  314    0    0  350  257
  81   96 1147  124  699 1066  114  287  371   54  210  425  542
  82   44  685  228  221  867   23   26   51   10  216   79  276
  83   20  447   12   37  574   88  119  120   48   18   57   35
  84   36  270   30   40  364  219  136  178   63   21  120   28
  85  262  938   63   33 1206   48   15    2  218  102   32   60
  86  518  179    2  154  327  381  235  240  116  245  334  219
  87   87  254   53   50  316  154  240  275  132   23  192   21
  88  111  187   91  481  160  146  105  550   28   79  515  528
  89    0  305  113  393  953    0    0    0    0  126    0  182
  90    0    0    0   63    0  313   52  442    0    0  412   11
  91    0    0    0  601    0  286   48  401    0    0  110   34
  92   36   43   82   88   60   48   58  525  389   42   82  102
  93   22  198    5  204  137    0   11    3   10    1   23  343
  94    5   62   15   48   60    7    5  207    5   17  377   88
  95    5  303    0    0  323    4   34    0   10    0    0    0
  96    0  305   23  140  404    0    2    7    3   77    0  240
  97   45  289   34   20  497   22   12  105   74   25   47   27
  98    0  693  105  404 1870    0    0    0    0  141    0  269
  99  152    0   61    0    0    0    0  344  312  102  445    0
 100    3    0    4   46    1   16   14  191   10    5  159   78
 101  122  558  259   99 1465   98  210  269  477  399  290  575
 102   29   52   97  424  260   13   11  425  155  204  297  186
 103   68   34   49   40   16   21   21  156   38   22  405   67
 104    0    0    0   75    0  113   70  460    0    0  428   28
 105  562 1149  197  159 1272  111    0    0    0  266  217  145
 106  102    0   42    0    0    0    0  467  179  156  949    0
 107   33  404   80  187  683   16   73  156  103   28   28   26
 108   43 1270   19    0    0    0   36    4    0    0  188   26
 109    7   71    0    0  180   22   17    0   16    0    0    0
 110    0    0    0    0    0    0    0    0    0    0    0    0
 111   69  139    0    0  380   89  129    0  124    0    0    0
 112    0    0    0    0    0    0    0    0    0    0    0    0
 113    0    0    0    0    0    0    0    0    0    0    0    0
 114  225    0  448    0    0    0    0  408  122  285  593    0
 115    0    0    0  110    0    7    5   43    0    0  109  669
 116    0    0    0  129    0  194  351  540    0    0  658  336
 117  177    0  124    0    0    0    0  448   60  140  660    0
 118    0  743   62  231  454    0    0    0    0   37    0  228
 119   78   12   13    8    6    8   23   71   51   37  219    9
 120  167  202    0    0  540   23   31    0  379    0    0    0
 121    0  880   47   31  685    0    0    0    0   63    0   93
 122   89 1150    2    0    0    0    1    0    0    0    0    3
 123    5  464   82   43  290    1    2    2    3  177    7  290
 124    4  199  112  130  260    2    0   19    0   38   26   36
 125    1    0  106    0    0    0    0 1335   28   55  688    0
 126    0  380   12   21  620    0    0    0    0   11    0   23
 127    3  299   28   29 1122    3    1    0    1  143    0   65
 128   55  437    7  136  714   48  126  188  154   11   65   89
 129   24  138  101   22  219  233  137  200   32  113  269   43
 130   10  223  164  103  158    6    8   26    4  162   47  198
 131   19  816  229  139 1337    7   46    7   10  418    6  212
 132    0  889  105   30 1276    0    0    0    0  129    0  111
 133   52  267   12  718  483  376  129  115   71   17  114  162
 134  859    0  142    0    0    0    0  536  992  166  244    0
 135   64  958    2    9 1473    6   12    2   38    4   16   10
 136    0    0    0    0    0    0    0    0    0    0    0    0
 137    0 1248   11    9  783   35    0    0   22    0    0   11
 138   31  421  102   40  342   33  469  267  107   59   66   21
 139  278  649    0    0 1216  170  403    0  250    0    0    0
 140   29    0    7   44    1   37   38  679   17    1  420   41
 141   15  220   29  149  401   15    8   16   33   22   25  160
 142   15  403   26   20  413   10    5    1   17   31    2   28
 143   49  457    0    0 1606  241  138    0   80    0    0    0
 144   30   18   44   18   12    8   10  113   35   40  158   14
 145    0    0    0  286    0   24   10  249    0    0  314  249
 146   10   15    4  234   21  550  150  174   24    8  143  146
 147    0    0    0   23    0   29   18  612    0    0  548   51
 148    0    0    0    0    0    0    0    0    0    0    0    0
 149    0    0    0    0    0    0    0    0    0    0    0    0
 150   11    2   29   18    4   41   12  559   23   54  816   29
 151   16    7   44   41   37   68   12  179   14   14  246   22
 152   22    8   53   50   14   58    5  487   29   61  658  110
 153   32    2  282   76    2   37    9  271   11   49  372    4
 154   93  188   34   23  204   60   56  436  146   37  334   30
 155    5    0   15   44    1   14    4  718    6   20  782   17
 156   31    0   56    0    0    0    0  197   20   35  245    0
 157    0    0    8  156    2  129   44  709   16    1  660   69
 158   25  140   36  278  242   68   54  307   22   21  113   19
 159   14   64  130  149  227  117   68  975   33   65  634   17
 160    0    0    0    0    0    0    0    0    0    0    0    0
 161    0    0    0    0    0    0    0    0    0    0    0    0
 162   59    0  135    0    0    0    0  725   45  105 1132    0
 163    0    0    0   73    0   55   75  257    0    0   67   13
 164   35    0    8    0    0  258  161  378   29   10  901    0
 165  162  724    3    0 1160  126  134    9  238    0    0    0
 166    0    0    0    0    0    0    0    0    0    0    0    0
 167    0    0    0    0    0    0    0    0    0    0    0    0
 168    0    0    0    0    0    0    0    0    0    0    0    0
 169    7  322    7   11  486   56   54   10   29    4    4    7
 170    0    0    0    0    0    0    0    0    0    0    0    0
 171    0    0    0  190    0  280  207  683    0    0  502   69
 172    0    0    0    0    0    0    0    0    0    0    0    0
 173   16  261   53   27  362   39   43  116   25  106   82   10
 174   38  487   27  126 1298  471  601   77  145  117   41   56
 172   13   10   37   37   61   92   41 1063   22   73 1264   28
 173    0    0    0   13    0   53   31 1209    0    0  701   13
 177    0    0    0   55    0  217  120  137    1    1  169   35
 178    0    0    0   91    0  111   60 1258    0    0  822   27
 179    0  605    0    0  496    0   16    0   81    0    0    0
 180   20  676   18   29  996   16   85    1   89   75    1   29
 181    0  227  169   28  458    0    0    0    0  304    0   32
 182   85    0   89    0    0    0    0  996   16   20  676    0
 183    0    0    0    0    0    0    0    0    0    0    0    0
 184   23  533   36   21 1735   30    4    0   17   95    0   84
 185   65    6  135   46    5   16   25 1126   52   56  851   12
 186   43  604    0    0  679   54   27    0   28    0    0    0
 187   34  617    0    0  327   20   87    0   47    0    0    0
 188  122  733    0    0 1273  287  202    0   98  432  154   18
 189    0    0    1    0    0  570  161  557    0    0  640   46
 190   58  142   35    6  104    9   21  291   58    7  127   11
 191    0    0    0    0    1  878    0    0  990    0    0    0
 192    0    0    0    0    0    0    0    0    0    0    0    0
 193    0    0    0    0    0    0    0    0    0    0    0    0
 194    0    0    0   13    0   54  103  219    0    0   97    9
 195   80  879   36   32  943   43   24    2   47  270    5  250
 196    0    0    0    0    0    0    0    0    0    0    0    0
 197   76    0    7    0    0    0    0  631   81    6  277    0
 198   51  281    7   29  468   14   81   58  307    4   28   22
 199   20    0    3    0    0    0    0  611   20    2  196    0
 200    0    0    0    0    0    0    0    0    0    0    0    0
 201    0    0    0    0    0    0    0    0    0    0    0    0
 202    1  465  194  411 1473    3    4    4    6  502    2  303
 203    0    0    0 1323    0  654  426  997    0    0  515  383
 204    0 1247  232  131 1383    0  217  137  227  369    0  461
 205    0  140    9   66  420    0    0    0    0   10    0   60
 206    0    0    0  121   44    3    2   18   12   97   33  200
 207   11   96   29   37   94    2    2    8   12   72   19   35
 208    0    0    0    0    0    0    0    0    0    0    0    0
 209    0    0    0    0    0    0    0    0    0    0    0    0
 210    0    0    0    0    0    0    0    0    0    0    0    0
 211    0    0    0    0    0    0    0    0    0    0    0    0
 212    0    0    0    0    0    0    0    0    0    0    0    0
 213    0    0    0    0    0    0    0    0    0    0    0    0
 214    0    0    0    0    0    0    0    0    0    0    0    0
 215  260  450    0    0  349 1148    0    0    0    0    0    0
 216   52    0   81    4    1    0    1  166   43   77  627    3
 217  335  785    0    0  479   62  268    0  509    0    0    0
 218   16  176   57  158  416   61   34    2   14   71    7  104
 219  114    5   85    0    0    0  247  460    0    0  569  423
 220   42    6  358    0    0    0   59 1195    0    0  769  693
 221    0    0    0  932    5   76    0  310  331  610  176    0
 222   97  593   48  115 1500  330  376   26   37  208   63  142
 223  145    0   82    0    0    0    0 1299  351  200 1064    0
 224    0    0    0   66    9  106    0  920  414  105  464    0
 225  402    0  153    0    0    0  615  583    0    0  326  157
 226    0    0    0  340   21  315    0  582    0  352  395    0
 227    0  720  405  220 1274    0   82  233  456  127    0   86
 228    6  225  269  797  787   48   44  204   18  120   55  111
 229   45  248    0    0  335  142  155    0   54    0    0    0
 230    0 1253   53  127  856    0    0    0    0   42    0  107
 231    0  556  145  186  308    0    0    0    0   69    0   73
 232    0    0    0   37    0   51  108  563    0    0  253   17
 233  424    0  237    0    0    0    0 1256  278  200  984    0
 234  174  326  157  117  646   44   62  602  246   78  222   28
 235   77  158   26   12  165   64  102  389   68   12  117   26
 236    5  193    0    2  124    3    1    1    5    2    0    1
 237   43  237    0    0  658   26   33    0   64    0    0    0
 238  119  396   25   99 1102  147  164  159  142   92  167  114
 239  749  652   71  101  319  129   94  439  348   64  923  206
 240    0   62   42   63   93    0    0    0    0   36    0   38
 241   43  397    0    0 1051   21   14    0   65    0    0    0
 242    0    0    0  120    0  170  100  333    0    0  549  107
 243    0   96    8   20  212    0    0    0    0    8    0   13
 244    0    0    0   84    0   85   66  442    0    0  246   42
 245    0    0    0  207    0  158  194  190    0    0   75  179
 246    0    0    0    0    0    0    0    0    0    0    0    0
 247    0    0    0    0    0    0    0    0    0    0    0    0
 248    0    0    0    0    0    0    0    0    0    0    0    0
 249    9 1269  125  352  588    7    5    4    2  241   12  613
 250    0    0    0   82   10  152    0  737  246   83  702    0
 251  151    6  194    0    0    0  312  513    0    0  626  135
 252  146    0  100    0    0    0    0 1020   75   66  980    0
 253  212  628    0    0  564  181    0    0    0   67    0  167
 254   44  346  401  392  553    1    1    2   36  159    1  143
 255  647  276  229   16   28   31   90  237  179   36   76   14
 256  106    0   40    0    0    0    0   69   77   30  159    0
 257   98    1   40    2    0    3    3  274  223   47  120    5
 258    0    0    0    0    0    0    0 1537    0    0  485    0
 259    0    0    0    0    0    0  969  568    0    0  485  708
 260    0    0    0    0    0    0  238  701    0    0  346    9
 261   15  328    0    0  793  206  122    0   44    0    0    0
 262  300  921    0    0  944  205 1266    0   80    0    0    0
 263   36  530   41   27 1108   15   51    2  116  189   29  170
 264  110  525   76   45  777  133  293  114  172  198  270  101
 265  304 1393  128   68  707   87  102  247  140   37  235   81
 266  104   12   24  158   12  108   47  915   66   42  921   89
 267   39   76   57  120  270  339  185  922   51   35  567   55
 268  108 1047   35   82 1334  141  130   20   65   49    9   58
 269    0  143   30   32  160    0    0    0    0   47    0   99
 270   81  679    0    0  841  124  186    0   49    0    0    0
 271    0    0    0    0    0    0    0    0    0    0    0    0
 272    0    0    0  124    0  135  120  321    0    0  361  102
 273    0    0    0    0    0    0    0    0    0    0    0    0
 274   51    0  167    0    0    0    0  323   64  202  565    0
 275   38 1234    0    0 1017   58  395    0  119    0    0    0
 276    0  767   17  553  394    0    0    0    0   15    0  293
 277   17  948   40  105  535   82  244   75   32  204  119  355
 278    0    0    0    0    0    0    0    0    0    0    0    0
 279    0    0    0    0 1441    0    0    0  665    0    0    0
 280  321    0  213    1    7   12    0  251  238   78  229    0
 281    0    0    0    0    0    0    0    0    0    0    0    0
 282   87  631    4   39 1457  129   35    2  151    9    6   17
 283    0    0    0    0    0    0    0    0    0    0    0    0
 284    0    0    0   78    0  509  267 1376    0    0 1044   53
 285   49 1234   47   56 1821  103  104   11   25  142   16   87
 286    0    0    0    0    0    0  414  509    0    0  302  384
 287    0 2004    0    0  779    0    0    0    0    0    0    0
 288    0    0    0    0    0    0    0 1368    0    0  911    0
 289    0    0    0    0    0    0    0    0    0    0    0    0
 290    0    0    0   37    0  104   90  145    0    0   60   60
 291  129    0  113    0    0    0    0  774   41   22  597    0
 292   23  127   67  170  300    8   11   25   20   42   21  132
 293    2  122   74  139  251    0    0    1    0  128    2  145
 294   60  114    3   19  179  178   64   21   45    2   14   12
 295    0    0    0    0    0    0    0    0    0    0    0    0
 296    5  169    0    0  253   22   25    0   16    0    0    0
 297    0    0    0    0    0    0    0    0    0    0    0    0
 298    0  584   50  174 1233    0    0    0    0   87    0  332
 299  103   34   73  149    0  114  169  467    0    0  405   87
 300    0 1182  124  128  841    0    0    0    0   74    0   88
