INT       NB             SB             EB             WB
 #   LT   TH   RT   LT   TH   RT   LT   TH   RT   LT   TH   RT
--------------------------------------------------------------
1    13   30   4    295  17   17   6    291  13   7    181  59   
2    15   22   55   33   41   12   8    419  71   60   383  35   
3    104  332  177  24   224  66   33   181  54   159  300  51   
4    0    0    0    125  0    201  72   578  0    0    555  156  
5    41   870  111  223  531  99   139  153  67   212  422  398  
6    90   817  111  138  844  98   96   254  61   109  249  239  
7    157  595  115  147  646  83   190  421  113  343  523  233  
8    282  731  81   173  665  51   25   253  142  72   264  201  
9    144  677  118  22   1052 66   54   208  195  184  323  160  
10   1    899  29   38   1366 2    2    0    0    35   0    56   
11   51   1083 1    9    1348 14   18   1    98   2    0    12   
12   15   964  0    0    1358 8    81   0    7    0    0    0    
13   58   29   84   300  68   11   6    1423 1    125  1031 62   
14   0    0    0    186  1170 93   70   1721 0    0    1146 322  
15   117  0    205  0    0    0    0    440  142  169  1019 0    
16   106  194  289  80   290  79   100  928  73   125  1126 42   
17   107  116  22   209  287  89   28   301  104  38   386  38   
18   54   149  38   95   248  13   13   253  82   59   411  56   
19   0    2    4    326  2    42   69   292  3    5    732  182  
20   73   80   116  27   41   25   31   529  51   143  1084 44   
21   103  186  224  100  132  31   30   1000 52   95   1172 83   
22   125  53   205  108  348  122  65   409  255  152  415  131  
23   16   65   117  214  294  174  119  368  68   175  288  108  
24   69   73   13   337  0    203  72   275  242  120  638  25   
25   125  320  126  122  383  125  140  660  67   61   1061 136  
26   32   179  289  561  426  38   0    1627 0    198  1384 271  
27   55   409  221  113  191  44   9    1311 43   263  1166 86   
28   0    1084 58   0    1024 0    0    0    0    0    0    6    
29   160  394  235  170  330  147  209  667  147  378  793  63   
30   406  905  21   249  538  587  229  882  291  106  1154 18   
31   40   849  45   59   962  28   41   101  36   95   171  153  
32   27   186  277  56   196  37   12   439  96   573  363  45   
33   0    0    0    0    0    0    0    1223 0    0    1007 0    
34   101  201  404  94   130  53   31   640  141  414  949  88   
35   16   81   79   168  230  272  225  930  8    20   751  72   
36   169  365  108  164  763  71   39   566  332  241  511  85   
37   7    3    7    15   0    424  228  960  3    1    1137 52   
38   6    89   6    21   112  68   29   1152 32   90   1091 24   
39   101  442  137  131  487  530  458  702  124  187  396  163  
40   160  404  172  133  558  25   141  742  170  102  830  99   
41   134  358  109  147  453  108  218  768  375  114  514  106  
42   9    458  108  145  688  16   5    2    2    107  7    126  
43   180  410  11   37   588  207  199  124  316  21   93   40   
44   9    522  73   71   847  30   16   8    8    79   8    63   
45   16   295  17   94   586  171  215  195  23   37   118  66   
46   77   1    85   25   3    10   11   879  104  94   703  15   
47   150  1218 11   186  1209 81   409  479  128  318  367  138  
48   138  819  146  39   1443 274  446  488  84   338  474  24   
49   160  969  68   148  1462 156  217  623  194  204  399  105  
50   97   1175 129  129  1685 83   77   177  72   107  120  63   
51   59   1147 276  42   1725 38   49   93   9    321  56   50   
52   69   1325 83   51   1774 53   130  108  62   55   56   32   
53   68   1552 106  73   2119 17   10   85   35   79   53   84   
54   7    8    46   437  36   211  192  89   7    29   111  60   
55   120  1534 24   8    1800 36   48   5    361  15   2    12   
56   0    1326 0    0    2188 8    48   0    4    0    0    0    
57   287  1493 83   17   2104 11   0    0    126  59   14   24   
58   0    347  294  0    788  94   123  551  9    195  414  34   
59   0    437  134  0    703  227  198  643  36   102  364  15   
60   8    358  169  113  830  328  224  455  49   254  411  31   
61   125  470  104  169  948  52   26   483  309  78   296  66   
62   198  509  79   264  955  50   65   404  323  73   372  50   
63   90   416  165  153  641  268  351  499  98   191  320  91   
64   149  435  371  79   448  83   89   290  83   692  408  161  
65   69   1332 6    11   1815 72   107  3    65   9    2    13   
66   72   735  54   191  1289 22   12   6    13   65   8    150  
67   7    650  79   122  1097 8    5    1    5    79   0    54   
68   258  184  109  38   118  105  177  889  232  86   789  52   
69   91   1164 28   35   765  125  117  54   45   68   312  81   
70   34   742  31   270  1141 27   11   6    27   64   8    159  
71   511  542  25   43   1304 367  74   70   391  40   31   15   
72   35   275  358  197  803  50   16   1103 210  0    906  170  
73   295  806  1    2    916  637  361  1    480  7    14   12   
74   72   954  358  239  793  21   16   86   88   393  55   329  
75   68   126  63   32   217  27   44   404  184  55   188  7    
76   86   229  60   87   351  38   48   456  238  48   272  31   
77   67   111  327  25   40   16   14   245  27   110  313  39   
78   416  364  57   145  332  51   170  193  276  486  401  213  
79   90   1159 453  94   683  122  21   67   46   304  321  344  
80   0    0    0    176  0    75   238  336  0    0    378  251  
81   110  1122 264  267  1475 193  241  512  103  237  333  287  
82   44   732  253  205  1043 14   15   52   10   216  84   284  
83   20   446  6    38   608  90   113  125  56   20   57   37   
84   33   271  32   41   423  203  131  187  64   15   139  27   
85   327  912  57   47   1320 145  15   22   166  124  38   58   
86   237  144  7    279  432  379  277  263  51   313  217  176  
87   90   272  58   50   333  153  242  277  175  21   192  21   
88   104  190  400  482  166  138  123  530  27   467  505  290  
89   0    337  58   409  1100 0    0    0    0    154  0    236  
90   0    0    0    63   0    360  97   547  0    0    407  11   
91   0    0    0    555  0    285  40   554  0    0    106  37   
92   10   0    20   146  55   34   96   664  162  176  125  89   
93   42   301  0    0    189  133  154  0    11   0    0    0    
94   5    71   8    45   55   7    5    189  5    17   374  92   
95   5    608  0    0    716  4    34   0    10   0    0    0    
96   0    264  34   147  408  0    2    7    3    61   0    256  
97   44   268  37   23   537  21   12   110  73   25   55   33   
98   0    666  133  339  1900 0    0    0    0    192  0    263  
99   148  0    61   0    0    0    0    300  343  65   453  0    
100  3    0    4    40   1    17   7    193  10   5    161  87   
101  257  500  281  135  1232 111  174  158  461  401  127  353  
102  45   89   113  428  336  14   11   390  91   296  362  212  
103  68   34   49   39   16   22   21   132  38   22   351  69   
104  0    0    0    54   0    97   93   468  0    0    442  19   
105  372  1272 237  173  1351 142  0    0    0    233  173  217  
106  105  0    42   0    0    0    0    443  224  156  933  0    
107  263  406  29   110  739  17   94   68   87   22   10   8    
108  42   1248 19   17   2576 8    36   4    23   185  2    27   
109  7    70   0    0    169  16   18   0    16   0    0    0    
110  1    0    1    10   0    12   37   230  4    2    309  30   
111  54   193  0    0    324  85   113  0    116  0    0    0    
112  3    13   17   32   42   9    8    134  6    19   156  15   
113  118  162  0    0    650  32   23   0    53   0    0    0    
114  209  0    484  0    0    0    0    394  141  143  698  0    
115  0    0    0    114  0    10   4    88   0    0    143  736  
116  0    0    0    185  0    186  522  391  0    0    629  266  
117  301  0    110  0    0    0    0    479  314  119  727  0    
118  0    769  181  138  455  0    0    0    0    286  0    104  
119  80   12   37   8    6    8    23   70   49   36   223  9    
120  210  212  0    0    556  23   31   0    382  0    0    0    
121  0    861  47   31   805  0    0    0    0    63   0    93   
122  136  1127 2    0    2311 3    1    0    78   0    0    3    
123  5    552  49   63   332  1    2    2    3    227  7    251  
124  4    389  64   79   320  2    0    19   0    17   26   13   
125  1    0    106  0    0    0    0    1104 28   55   752  0    
126  0    322  12   21   604  0    0    0    0    11   0    23   
127  3    268  28   29   1313 3    1    0    1    143  0    65   
128  187  336  5    216  785  48   198  317  163  15   151  75   
129  24   126  100  21   251  246  175  235  33   117  327  43   
130  10   209  250  102  156  6    8    26   4    169  47   263  
131  18   760  169  20   1460 6    54   8    30   258  6    110  
132  0    960  105  30   1434 0    0    0    0    129  0    111  
133  50   235  17   537  379  279  122  88   76   32   82   141  
134  904  0    142  0    0    0    0    527  1100 168  264  0    
135  63   974  2    9    1623 6    12   2    41   4    16   10   
136  58   1415 0    5    972  44   13   2    24   2    0    3    
137  0    1326 11   9    854  34   0    0    13   0    0    11   
138  53   463  128  49   387  36   374  412  74   40   74   20   
139  114  445  408  15   826  47   116  867  126  528  701  373  
140  29   0    7    44   1    37   38   678  17   1    423  41   
141  15   189  6    164  375  15   8    16   33   24   25   161  
142  15   380  26   20   430  10   5    1    17   31   2    28   
143  51   631  0    0    1653 363  174  0    80   0    0    0    
144  30   17   17   18   12   8    10   89   35   23   165  14   
145  0    0    0    295  0    24   10   267  0    0    314  287  
146  10   15   4    159  21   741  286  148  24   8    243  127  
147  0    0    0    23   0    29   18   590  0    0    519  51   
148  0    55   51   120  31   0    0    0    0    22   0    145  
149  38   1119 0    0    1157 50   0    0    42   0    0    0    
150  11   2    29   18   4    41   12   277  23   54   659  29   
151  16   7    44   36   37   70   12   188  14   14   313  31   
152  23   8    37   35   14   64   5    407  30   60   517  104  
153  32   2    282  76   2    37   9    232  11   49   454  4    
154  95   193  7    34   210  59   85   440  153  12   388  19   
155  5    0    15   62   1    12   3    584  6    20   838  17   
156  34   1    56   0    0    0    0    319  27   42   410  0    
157  0    0    8    163  2    58   35   576  16   1    719  13   
158  38   31   58   255  131  250  143  534  59   10   244  118  
159  11   156  107  141  210  64   51   774  7    170  607  4    
160  36   329  14   10   151  10   18   2    201  33   0    19   
161  0    310  5    8    161  0    0    0    0    6    0    12   
162  22   0    254  0    0    0    1    709  37   141  1137 0    
163  0    0    0    73   0    55   75   484  0    0    286  13   
165  222  706  3    0    1195 154  140  9    247  0    0    0    
166  31   41   0    0    8    5    46   0    8    0    0    0    
167  2    0    5    0    0    0    0    30   11   4    27   0    
168  3    693  4    2    1107 2    5    0    8    2    1    16   
169  12   348  7    11   544  56   55   10   28   4    4    7    
170  12   394  46   1    450  11   2    0    23   135  7    108  
171  0    0    0    165  0    201  151  712  0    0    325  15   
172  16   162  6    61   377  126  157  18   40   4    11   16   
173  16   260  38   27   393  41   44   110  25   105  83   10   
174  39   448  81   140  984  269  718  100  79   131  52   65   
175  13   7    10   45   92   44   20   1125 22   30   1345 26   
176  0    0    0    81   0    34   7    1225 0    0    788  9    
177  0    0    0    13   0    795  424  231  1    1    119  35   
178  0    0    0    92   0    135  42   1244 0    0    794  60   
179  0    552  0    0    413  0    16   0    81   0    0    0    
180  20   667  16   29   1070 16   85   1    89   64   1    29   
181  0    93   171  14   258  0    0    0    0    241  0    32   
182  85   1    89   75   1    29   29   1059 16   20   714  18   
183  18   0    70   3    1    2    3    337  7    6    55   1    
184  23   535  34   21   1761 30   4    0    17   136  0    84   
185  65   6    87   46   5    16   25   1247 52   18   972  12   
186  49   904  0    0    1380 55   26   0    37   0    0    0    
187  41   0    44   0    0    0    0    700  17   3    640  0    
188  53   1088 0    0    1344 292  184  0    92   495  191  30   
189  0    0    0    0    0    371  110  567  0    0    609  8    
190  68   132  31   4    116  9    22   279  61   5    134  34   
192  43   262  16   28   35   10   35   55   19   27   223  359  
193  0    61   6    165  114  0    0    0    0    1    0    100  
194  0    0    0    13   0    54   110  220  0    0    98   9    
195  80   943  6    76   1040 43   24   2    47   270  5    347  
197  82   0    7    0    0    0    0    650  80   6    291  0    
198  56   295  7    29   475  14   81   58   316  4    28   22   
199  16   0    7    0    0    0    0    244  180  2    212  0    
202  2    508  180  132  1298 0    0    2    4    472  0    203  
203  0    0    0    1387 0    455  402  946  0    0    683  471  
204  0    1397 198  113  1545 0    203  129  211  337  0    471  
205  0    170  9    76   474  0    0    0    0    10   0    68   
206  0    0    0    134  37   3    2    18   12   320  33   201  
207  11   108  19   37   122  2    2    8    12   50   19   36   
208  35   0    83   0    0    0    0    108  47   149  115  0    
209  0    0    1    35   0    21   39   548  1    1    337  36   
210  43   0    13   0    0    0    0    385  63   12   181  0    
211  15   268  10   36   545  61   203  5    62   4    9    65   
212  0    0    0    144  0    158  100  86   0    0    80   55   
213  0    0    0    64   0    3    5    148  0    0    120  25   
214  0    245  136  126  396  0    0    0    0    56   0    45   
215  21   260  9    7    83   6    10   7    17   5    4    7    
216  114  0    78   4    1    0    1    138  46   76   519  3    
217  7    12   3    15   32   7    10   18   11   1    15   9    
218  17   129  112  181  498  71   11   24   13   124  26   104  
219  160  0    74   0    0    0    384  525  0    0    427  562  
220  48   0    362  0    0    0    47   1102 0    0    685  907  
221  0    0    0    1138 0    92   0    367  292  548  245  0    
222  97   644  50   394  1336 349  394  27   37   208  63   209  
223  264  0    84   0    0    0    0    1219 357  224  1165 0    
224  0    0    0    150  0    149  0    1050 302  42   651  0    
225  466  0    174  0    0    0    601  802  0    0    443  145  
226  0    0    0    383  0    146  0    557  10   232  427  0    
227  0    864  457  310  1229 0    0    229  447  82   0    197  
228  12   95   133  1519 219  80   72   418  15   484  141  147  
229  24   186  0    0    487  114  55   0    61   0    0    0    
231  0    591  153  190  342  0    0    0    0    70   0    74   
232  0    0    0    90   0    82   137  473  0    0    327  17   
233  94   605  520  57   728  475  547  675  0    299  747  1    
234  136  246  519  191  535  34   39   1176 267  173  455  134  
235  91   204  119  6    160  76   138  306  57   16   82   9    
236  4    255  0    2    127  3    0    1    4    2    0    1    
237  43   251  0    0    678  26   32   0    64   0    0    0    
238  127  569  25   80   1169 147  168  189  92   89   136  113  
239  666  686  62   151  416  151  98   432  387  70   851  299  
240  0    17   92   54   159  0    0    0    0    44   0    118  
241  126  401  0    0    1065 27   64   0    56   0    0    0    
242  0    0    0    93   0    357  107  169  0    0    375  141  
243  0    96   24   20   292  0    0    0    0    12   0    13   
244  0    0    0    118  0    121  84   387  0    0    283  44   
245  0    0    0    198  0    237  331  216  0    0    165  178  
246  119  479  0    0    616  17   8    0    27   0    0    0    
247  11   0    0    10   0    13   20   14   58   0    11   10   
248  0    207  6    35   558  0    0    0    0    5    0    92   
249  9    1372 124  300  681  7    5    4    2    223  12   607  
250  0    0    0    82   0    127  0    763  318  82   710  0    
251  165  0    219  0    0    0    442  487  0    0    618  162  
252  95   0    100  0    0    0    0    1154 43   66   1100 0    
253  94   640  0    0    564  195  0    0    0    67   533  228  
254  44   444  376  621  274  1    1    2    36   122  1    292  
255  622  296  294  16   47   31   107  225  170  49   76   14   
256  106  0    40   0    0    0    0    72   63   30   96   0    
257  53   0    20   1    0    3    2    52   232  34   128  4    
260  0    0    0    0    0    0    937  748  0    0    484  7    
261  15   487  0    0    776  228  50   0    44   0    0    0    
262  341  1001 0    0    986  205  1264 0    80   0    0    0    
263  34   602  29   19   1087 57   87   2    114  170  29   150  
264  0    687  61   21   886  138  322  178  103  238  220  55   
265  355  1426 160  68   773  64   110  231  150  48   228  81   
266  104  12   24   158  12   108  47   925  66   42   860  89   
267  49   105  57   56   336  342  229  886  51   35   487  34   
268  108  1332 137  83   1432 93   186  20   64   39   9    104  
269  0    35   17   3    92   0    0    0    0    33   0    11   
270  69   517  0    0    753  128  189  0    47   0    0    0    
272  0    0    0    166  0    292  102  301  0    0    334  113  
273  52   340  0    0    595  134  91   0    99   0    0    0    
274  120  0    66   0    0    0    0    197  68   199  428  0    
275  37   1295 0    0    1053 71   454  0    117  0    0    0    
276  0    807  17   561  420  0    0    0    0    15   0    314  
277  17   1037 64   73   575  82   244  75   32   277  119  282  
278  0    233  57   143  222  0    0    0    0    140  0    60   
279  0    1021 782  0    1513 0    0    0    572  0    0    446  
280  293  0    195  0    0    6    0    286  322  23   234  0    
281  2    232  129  69   517  8    4    0    2    130  1    49   
282  87   663  4    39   1339 118  42   2    150  9    6    17   
284  0    0    0    84   0    513  328  1238 0    0    1165 53   
285  49   1360 56   55   1938 100  74   11   30   153  16   107  
286  0    0    0    0    0    0    398  655  0    0    223  268  
287  0    2101 0    0    845  0    0    0    0    0    0    0    
288  0    0    0    0    0    0    0    1354 0    0    916  0    
289  0    0    0    29   0    32   30   1179 0    0    1144 59   
290  0    0    0    37   0    77   56   145  0    0    68   55   
291  129  0    113  0    0    0    0    729  41   22   581  0    
292  715  0    25   0    0    8    11   476  689  30   801  70   
293  2    64   74   139  102  0    0    1    0    128  2    145  
294  60   59   2    0    49   656  401  21   45   0    14   0    
295  478  248  124  0    96   937  1024 0    198  109  0    0    
296  7    101  17   33   22   23   28   43   21   1    18   28   
297  0    0    0    0    267  0    0    0    856  0    0    0    
298  0    632  50   175  1337 0    0    0    0    87   0    333  
299  0    1520 250  38   1366 0    1    0    0    223  0    33   
300  0    1302 124  128  884  0    0    0    0    74   0    88   
301  60   59   2    0    49   656  401  21   45   0    14   0    
302  478  248  124  0    96   937  1024 0    198  109  0    0    
